1|100|1|2023-12-07|2023-12-28|1|3|0|184
2|101|1|2022-01-23|2023-07-11|1|3|0|144
3|102|1|2023-04-27|2024-01-30|1|3|0|50
4|103|1|2022-01-07|2023-09-28|1|2|0|458
5|104|1|2023-09-24|2023-12-05|1|3|0|423
6|105|1|2022-04-24|2022-07-18|1|1|0|353
7|106|1|2024-03-10|2024-04-07|1|3|0|177
8|107|1|2022-05-14|2024-03-12|1|4|0|65
9|108|1|2024-03-12|2024-04-07|1|2|0|287
10|109|1|2023-08-26|2023-12-30|1|4|0|34
11|110|1|2022-04-21|2023-02-20|1|1|0|349
12|111|1|2023-10-13|2023-12-13|1|4|0|434
13|112|1|2022-01-05|2023-11-13|1|1|0|439
14|113|1|2023-09-07|2023-12-13|1|4|0|277
15|114|1|2023-03-24|2024-03-25|1|4|0|103
16|115|1|2023-01-22|2023-07-13|1|3|0|355
17|116|1|2024-03-22|2024-03-24|1|3|0|230
18|117|1|2022-12-03|2023-11-28|1|2|0|66
19|118|1|2023-11-25|2024-01-29|1|4|0|231
20|119|1|2022-06-22|2023-04-02|1|2|0|119
21|120|1|2022-01-04|2024-02-11|1|3|0|269
22|121|1|2023-01-27|2023-05-26|1|4|0|456
23|122|1|2022-05-30|2022-06-09|1|1|0|448
24|123|1|2023-06-08|2023-06-25|1|3|0|132
25|124|1|2022-12-18|2023-04-09|1|2|0|173
26|200|1|2022-05-04|2022-07-21|2|2|0|421
27|201|1|2022-05-24|2022-06-07|2|2|0|212
28|202|1|2023-09-02|2023-11-02|2|3|0|299
29|203|1|2023-07-19|2023-12-15|2|1|0|273
30|204|1|2022-12-26|2023-05-26|2|4|0|261
31|205|1|2023-01-28|2023-03-08|2|2|0|94
32|206|1|2023-09-06|2024-01-22|2|2|0|30
33|207|1|2023-05-06|2023-11-23|2|4|0|112
34|208|1|2022-11-21|2023-08-18|2|1|0|296
35|209|1|2022-01-25|2022-07-16|2|3|0|66
36|210|1|2022-08-11|2023-10-04|2|3|0|331
37|211|1|2022-08-05|2022-09-23|2|2|0|354
38|212|1|2023-07-08|2023-10-24|2|1|0|368
39|213|1|2022-02-11|2023-06-02|2|1|0|153
40|214|1|2022-10-06|2023-10-26|2|3|0|142
41|215|1|2023-10-06|2023-11-15|2|4|0|247
42|216|1|2024-03-16|2024-03-30|2|3|0|90
43|217|1|2023-03-10|2023-04-13|2|1|0|87
44|218|1|2023-07-30|2024-01-10|2|4|0|440
45|219|1|2023-05-22|2023-08-18|2|4|0|55
46|220|1|2023-07-30|2023-09-19|2|1|0|313
47|221|1|2022-09-09|2022-10-11|2|4|0|39
48|222|1|2024-01-06|2024-02-01|2|3|0|81
49|223|1|2023-12-26|2024-01-26|2|1|0|32
50|224|1|2023-05-14|2023-08-20|2|3|0|372
51|300|1|2022-03-01|2023-05-28|3|4|0|4
52|301|1|2022-08-12|2023-01-02|3|4|0|350
53|302|1|2023-01-31|2023-10-23|3|4|0|153
54|303|1|2023-04-23|2024-01-29|3|1|0|461
55|304|1|2023-05-06|2023-05-24|3|4|0|22
56|305|1|2024-01-15|2024-02-10|3|3|0|262
57|306|1|2022-01-29|2022-06-14|3|4|0|270
58|307|1|2023-08-20|2023-10-12|3|1|0|331
59|308|1|2024-01-25|2024-02-15|3|3|0|69
60|309|1|2023-04-16|2023-12-13|3|1|0|447
61|310|1|2023-07-18|2023-11-06|3|2|0|421
62|311|1|2023-10-10|2023-12-01|3|4|0|130
63|312|1|2023-06-30|2024-03-30|3|3|0|157
64|313|1|2022-05-24|2023-02-08|3|3|0|99
65|314|1|2022-06-14|2023-01-31|3|4|0|265
66|315|1|2024-01-30|2024-03-31|3|4|0|14
67|316|1|2024-03-14|2024-03-26|3|4|0|415
68|317|1|2022-01-31|2022-04-26|3|4|0|38
69|318|1|2023-10-02|2023-10-08|3|3|0|492
70|319|1|2022-04-01|2022-08-30|3|4|0|97
71|320|1|2022-05-25|2024-02-26|3|3|0|303
72|321|1|2023-06-09|2024-04-07|3|2|0|296
73|322|1|2022-07-27|2022-10-11|3|4|0|91
74|323|1|2024-01-05|2024-01-25|3|2|0|52
75|324|1|2022-04-21|2023-08-28|3|4|0|101
76|100|2|2023-11-09|2024-02-19|4|2|0|362
77|101|2|2022-10-18|2023-07-10|4|2|0|426
78|102|2|2022-06-06|2023-02-15|4|2|0|349
79|103|2|2022-12-18|2023-01-02|4|2|0|375
80|104|2|2024-02-26|2024-03-15|4|2|0|113
81|105|2|2023-04-04|2023-10-29|4|1|0|248
82|106|2|2022-06-25|2022-07-09|4|1|0|408
83|107|2|2022-03-09|2023-09-02|4|2|0|3
84|108|2|2022-08-11|2023-05-04|4|2|0|303
85|109|2|2023-05-08|2024-03-25|4|2|0|169
86|110|2|2024-02-06|2024-02-27|4|1|0|425
87|111|2|2022-08-20|2024-03-14|4|2|0|331
88|112|2|2023-05-04|2023-07-22|4|2|0|138
89|113|2|2023-02-28|2023-06-19|4|1|0|95
90|114|2|2024-02-26|2024-03-03|4|1|0|32
91|115|2|2023-03-17|2023-04-09|4|2|0|193
92|116|2|2023-11-11|2024-03-08|4|1|0|170
93|117|2|2022-02-05|2022-08-18|4|1|0|282
94|118|2|2022-09-13|2023-05-31|4|1|0|244
95|119|2|2024-01-12|2024-03-16|4|2|0|493
96|120|2|2022-02-26|2023-11-27|4|1|0|328
97|121|2|2024-02-01|2024-03-27|4|1|0|465
98|122|2|2022-12-14|2023-10-19|4|1|0|128
99|123|2|2023-01-18|2023-03-04|4|2|0|57
100|124|2|2022-07-28|2023-10-11|4|1|0|303
101|200|2|2022-08-23|2022-12-18|5|2|0|382
102|201|2|2022-04-18|2024-03-22|5|2|0|369
103|202|2|2023-11-20|2024-04-02|5|2|0|498
104|203|2|2022-08-31|2023-03-15|5|2|0|334
105|204|2|2024-02-17|2024-03-25|5|2|0|366
106|205|2|2023-05-09|2023-08-08|5|2|0|339
107|206|2|2023-06-30|2024-03-13|5|2|0|148
108|207|2|2022-02-24|2023-09-07|5|1|0|133
109|208|2|2023-01-25|2024-04-05|5|2|0|120
110|209|2|2023-09-25|2024-03-06|5|2|0|131
111|210|2|2023-01-10|2024-04-06|5|1|0|275
112|211|2|2022-09-20|2022-12-20|5|2|0|394
113|212|2|2023-06-29|2023-11-01|5|1|0|38
114|213|2|2022-11-23|2023-08-03|5|1|0|428
115|214|2|2022-04-15|2023-02-10|5|2|0|392
116|215|2|2023-08-30|2023-10-18|5|2|0|40
117|216|2|2023-05-05|2024-01-30|5|1|0|183
118|217|2|2022-06-28|2023-01-27|5|2|0|23
119|218|2|2023-01-26|2024-03-16|5|2|0|218
120|219|2|2022-05-09|2022-10-12|5|2|0|95
121|220|2|2023-10-10|2023-11-16|5|1|0|249
122|221|2|2022-05-03|2022-05-23|5|2|0|183
123|222|2|2023-03-16|2023-09-27|5|1|0|130
124|223|2|2022-03-16|2024-01-07|5|1|0|437
125|224|2|2024-03-08|2024-04-05|5|1|0|279
126|300|2|2024-03-10|2024-03-26|6|1|0|408
127|301|2|2022-05-28|2023-08-26|6|1|0|228
128|302|2|2022-10-25|2023-10-10|6|1|0|497
129|303|2|2023-08-24|2024-02-03|6|1|0|395
130|304|2|2023-06-09|2023-08-05|6|2|0|457
131|305|2|2024-02-02|2024-03-10|6|1|0|304
132|306|2|2022-07-11|2023-07-05|6|2|0|20
133|307|2|2022-02-07|2022-05-10|6|1|0|273
134|308|2|2022-01-22|2023-10-22|6|2|0|6
135|309|2|2022-06-02|2024-03-20|6|1|0|31
136|310|2|2022-09-15|2023-04-30|6|2|0|22
137|311|2|2022-09-10|2022-12-26|6|2|0|400
138|312|2|2022-08-05|2023-09-20|6|1|0|325
139|313|2|2023-01-01|2023-09-29|6|1|0|271
140|314|2|2023-04-17|2023-07-18|6|1|0|36
141|315|2|2022-10-01|2024-03-24|6|2|0|207
142|316|2|2024-01-31|2024-02-13|6|1|0|185
143|317|2|2022-10-05|2024-02-11|6|1|0|471
144|318|2|2023-08-18|2023-12-04|6|1|0|241
145|319|2|2022-12-19|2023-11-04|6|1|0|214
146|320|2|2022-11-07|2024-01-28|6|2|0|488
147|321|2|2023-07-06|2023-11-10|6|1|0|495
148|322|2|2022-05-27|2022-07-06|6|1|0|330
149|323|2|2024-02-29|2024-04-05|6|1|0|229
150|324|2|2023-08-01|2023-10-14|6|2|0|386
151|100|3|2024-03-18|2024-03-30|7|1|0|234
152|101|3|2023-01-17|2024-02-02|7|1|0|488
153|102|3|2022-08-19|2022-10-30|7|1|0|272
154|103|3|2022-07-09|2022-12-01|7|1|0|363
155|104|3|2024-03-09|2024-03-15|7|1|0|44
156|105|3|2022-05-21|2023-08-28|7|2|0|380
157|106|3|2023-08-28|2024-04-05|7|1|0|324
158|107|3|2022-01-28|2023-08-28|7|2|0|473
159|108|3|2022-10-13|2022-10-19|7|2|0|54
160|109|3|2023-05-31|2023-09-18|7|1|0|438
161|110|3|2023-08-20|2023-10-17|7|2|0|107
162|111|3|2022-10-16|2024-03-20|7|2|0|297
163|112|3|2024-03-09|2024-04-05|7|2|0|124
164|113|3|2022-09-02|2023-04-06|7|1|0|381
165|114|3|2024-01-22|2024-02-02|7|2|0|460
166|115|3|2024-03-25|2024-04-07|7|1|0|157
167|116|3|2024-03-26|2024-04-05|7|2|0|394
168|117|3|2022-01-19|2022-04-30|7|2|0|77
169|118|3|2023-06-17|2023-07-14|7|2|0|369
170|119|3|2022-10-10|2023-10-18|7|2|0|296
171|120|3|2022-02-23|2023-09-26|7|1|0|406
172|121|3|2023-12-22|2024-01-09|7|2|0|104
173|122|3|2022-03-13|2022-07-13|7|1|0|142
174|123|3|2023-02-25|2023-09-22|7|2|0|384
175|124|3|2022-10-23|2023-05-10|7|1|0|279
176|200|3|2024-02-19|2024-03-07|8|2|0|129
177|201|3|2022-05-25|2022-10-04|8|1|0|304
178|202|3|2022-06-01|2022-08-17|8|2|0|340
179|203|3|2023-09-26|2024-01-26|8|1|0|397
180|204|3|2022-06-11|2024-02-14|8|2|0|374
181|205|3|2023-06-17|2023-11-22|8|1|0|304
182|206|3|2023-02-14|2023-05-01|8|1|0|128
183|207|3|2022-05-01|2022-06-25|8|2|0|154
184|208|3|2023-07-31|2023-09-20|8|1|0|313
185|209|3|2023-02-11|2023-03-25|8|2|0|115
186|210|3|2024-02-05|2024-02-20|8|1|0|22
187|211|3|2023-07-03|2023-07-21|8|1|0|429
188|212|3|2022-07-18|2022-10-28|8|1|0|250
189|213|3|2023-08-26|2023-12-18|8|2|0|71
190|214|3|2023-08-25|2024-03-05|8|2|0|182
191|215|3|2022-09-17|2024-02-08|8|2|0|208
192|216|3|2022-03-19|2023-09-17|8|2|0|78
193|217|3|2022-07-15|2023-04-19|8|2|0|303
194|218|3|2022-03-25|2022-11-15|8|1|0|181
195|219|3|2022-07-02|2023-07-05|8|2|0|127
196|220|3|2022-10-25|2023-01-13|8|2|0|338
197|221|3|2024-03-10|2024-03-11|8|1|0|105
198|222|3|2022-12-26|2023-08-25|8|1|0|426
199|223|3|2023-07-01|2024-01-13|8|2|0|85
200|224|3|2024-03-03|2024-03-03|8|1|0|455
201|300|3|2022-03-10|2023-04-29|9|2|0|52
202|301|3|2023-05-25|2023-12-09|9|1|0|231
203|302|3|2022-07-31|2022-11-23|9|1|0|348
204|303|3|2023-03-27|2023-05-27|9|2|0|308
205|304|3|2023-01-07|2024-03-23|9|2|0|395
206|305|3|2022-10-26|2023-03-04|9|2|0|353
207|306|3|2022-08-27|2022-09-30|9|1|0|46
208|307|3|2024-02-28|2024-03-19|9|2|0|299
209|308|3|2024-01-19|2024-02-28|9|1|0|432
210|309|3|2022-07-27|2023-09-17|9|2|0|264
211|310|3|2024-01-21|2024-01-28|9|2|0|311
212|311|3|2023-02-13|2023-06-20|9|1|0|249
213|312|3|2022-07-23|2023-02-25|9|2|0|74
214|313|3|2023-07-19|2023-08-31|9|2|0|272
215|314|3|2023-11-24|2024-01-20|9|1|0|94
216|315|3|2022-04-27|2023-10-08|9|1|0|420
217|316|3|2023-03-19|2023-10-05|9|1|0|437
218|317|3|2023-09-25|2023-10-22|9|2|0|7
219|318|3|2023-11-09|2024-02-18|9|2|0|261
220|319|3|2023-07-05|2023-11-16|9|2|0|402
221|320|3|2023-10-10|2023-10-15|9|1|0|496
222|321|3|2022-02-17|2022-06-23|9|1|0|231
223|322|3|2023-02-23|2023-11-23|9|2|0|449
224|323|3|2023-08-22|2023-08-22|9|1|0|319
225|324|3|2022-10-28|2023-06-10|9|2|0|200
226|100|4|2023-06-20|2023-06-23|10|1|0|444
227|101|4|2022-11-16|2023-04-24|10|2|0|67
228|102|4|2022-05-02|2022-09-05|10|2|0|288
229|103|4|2023-03-28|2024-03-25|10|2|0|425
230|104|4|2023-01-11|2023-02-09|10|2|0|482
231|105|4|2022-04-20|2023-07-02|10|2|0|379
232|106|4|2022-12-27|2023-07-18|10|1|0|407
233|107|4|2023-09-02|2023-09-28|10|1|0|468
234|108|4|2023-07-12|2024-03-18|10|1|0|406
235|109|4|2024-02-01|2024-03-29|10|2|0|26
236|110|4|2023-10-31|2024-01-16|10|1|0|273
237|111|4|2022-09-17|2023-12-21|10|2|0|175
238|112|4|2023-09-21|2024-01-05|10|2|0|488
239|113|4|2022-09-09|2022-09-17|10|2|0|498
240|114|4|2023-05-01|2023-08-18|10|1|0|82
241|115|4|2022-01-18|2022-06-10|10|2|0|124
242|116|4|2023-04-20|2023-12-25|10|2|0|115
243|117|4|2022-08-01|2022-09-06|10|2|0|165
244|118|4|2022-03-05|2024-02-27|10|1|0|55
245|119|4|2022-03-31|2022-06-29|10|1|0|275
246|120|4|2023-12-20|2024-01-12|10|1|0|7
247|121|4|2023-03-25|2023-06-10|10|1|0|396
248|122|4|2023-09-13|2023-12-07|10|2|0|121
249|123|4|2023-10-15|2023-12-10|10|2|0|257
250|124|4|2023-10-18|2023-10-19|10|1|0|60
251|200|4|2023-10-05|2024-03-13|11|1|0|204
252|201|4|2023-01-15|2023-07-16|11|1|0|399
253|202|4|2022-02-08|2022-08-09|11|2|0|299
254|203|4|2023-06-25|2023-07-24|11|2|0|162
255|204|4|2022-02-26|2023-09-06|11|2|0|92
256|205|4|2022-08-24|2024-01-13|11|2|0|180
257|206|4|2023-08-03|2024-02-27|11|1|0|177
258|207|4|2023-10-10|2024-02-21|11|2|0|325
259|208|4|2022-04-11|2024-03-08|11|2|0|104
260|209|4|2022-02-18|2023-12-19|11|2|0|235
261|210|4|2023-03-25|2023-07-31|11|1|0|334
262|211|4|2022-07-05|2023-12-18|11|2|0|170
263|212|4|2023-12-15|2024-01-22|11|2|0|116
264|213|4|2022-04-09|2023-04-26|11|2|0|29
265|214|4|2023-03-21|2023-09-08|11|1|0|401
266|215|4|2023-11-27|2023-12-10|11|1|0|442
267|216|4|2022-10-25|2023-03-20|11|2|0|89
268|217|4|2023-10-15|2023-11-19|11|1|0|215
269|218|4|2022-10-28|2023-08-21|11|1|0|70
270|219|4|2022-02-20|2024-03-06|11|2|0|277
271|220|4|2022-08-22|2023-02-09|11|2|0|118
272|221|4|2022-03-24|2024-03-09|11|1|0|302
273|222|4|2022-06-24|2023-02-13|11|1|0|467
274|223|4|2023-12-22|2024-02-24|11|2|0|203
275|224|4|2024-02-10|2024-03-13|11|2|0|93
276|300|4|2023-04-17|2023-06-25|12|1|0|138
277|301|4|2022-11-08|2023-04-02|12|1|0|44
278|302|4|2022-06-24|2024-03-05|12|2|0|310
279|303|4|2023-01-11|2023-12-01|12|2|0|391
280|304|4|2023-08-06|2024-03-31|12|1|0|338
281|305|4|2022-12-27|2023-02-20|12|1|0|494
282|306|4|2023-12-02|2024-01-23|12|1|0|183
283|307|4|2022-03-01|2024-01-05|12|1|0|388
284|308|4|2023-10-05|2024-02-10|12|2|0|115
285|309|4|2022-09-14|2024-01-30|12|1|0|258
286|310|4|2022-11-30|2023-07-04|12|1|0|250
287|311|4|2022-01-05|2023-12-18|12|1|0|421
288|312|4|2023-12-20|2024-02-09|12|2|0|349
289|313|4|2024-01-09|2024-02-18|12|1|0|303
290|314|4|2023-05-14|2023-10-25|12|1|0|229
291|315|4|2023-10-06|2024-04-02|12|1|0|253
292|316|4|2022-02-10|2024-02-02|12|2|0|4
293|317|4|2022-05-16|2024-01-04|12|1|0|38
294|318|4|2023-09-07|2023-11-01|12|1|0|361
295|319|4|2023-08-06|2023-12-03|12|1|0|443
296|320|4|2023-04-04|2023-10-24|12|1|0|2
297|321|4|2023-06-22|2024-03-07|12|2|0|279
298|322|4|2024-03-17|2024-03-19|12|2|0|166
299|323|4|2023-08-02|2023-12-18|12|2|0|122
300|324|4|2024-02-29|2024-03-15|12|1|0|99
301|100|5|2023-12-20|2023-12-29|13|4|0|444
302|101|5|2022-06-08|2022-07-02|13|2|0|56
303|102|5|2022-04-06|2023-08-26|13|1|0|206
304|103|5|2023-03-11|2023-08-30|13|1|0|288
305|104|5|2024-03-21|2024-03-25|13|4|0|49
306|105|5|2023-11-08|2024-01-10|13|4|0|462
307|106|5|2024-01-25|2024-02-02|13|3|0|90
308|107|5|2023-01-27|2023-02-15|13|1|0|307
309|108|5|2023-11-27|2024-03-05|13|2|0|289
310|109|5|2022-02-02|2024-03-17|13|4|0|479
311|110|5|2023-07-16|2023-10-14|13|2|0|168
312|111|5|2024-01-04|2024-03-12|13|2|0|24
313|112|5|2022-05-10|2023-08-16|13|4|0|131
314|113|5|2023-04-08|2023-10-11|13|4|0|142
315|114|5|2022-04-09|2023-03-04|13|3|0|273
316|115|5|2023-04-28|2023-10-29|13|4|0|499
317|116|5|2022-06-26|2023-12-20|13|3|0|114
318|117|5|2022-08-27|2023-03-13|13|2|0|399
319|118|5|2022-03-17|2023-10-01|13|1|0|213
320|119|5|2024-03-12|2024-03-24|13|2|0|288
321|120|5|2023-08-23|2024-01-31|13|2|0|51
322|121|5|2024-01-07|2024-01-09|13|3|0|170
323|122|5|2022-10-15|2023-04-24|13|3|0|213
324|123|5|2022-11-26|2023-09-11|13|1|0|83
325|124|5|2022-07-06|2023-06-24|13|2|0|451
326|200|5|2023-06-04|2023-10-03|14|2|0|285
327|201|5|2022-05-05|2023-06-30|14|1|0|221
328|202|5|2023-11-23|2024-01-28|14|3|0|437
329|203|5|2023-06-03|2023-09-07|14|4|0|337
330|204|5|2022-07-24|2023-04-16|14|4|0|473
331|205|5|2022-11-13|2023-12-21|14|3|0|339
332|206|5|2024-01-22|2024-03-13|14|1|0|449
333|207|5|2023-05-24|2024-02-13|14|3|0|373
334|208|5|2023-09-14|2023-11-03|14|2|0|46
335|209|5|2022-03-28|2023-06-22|14|3|0|351
336|210|5|2023-03-25|2023-08-31|14|2|0|227
337|211|5|2022-07-02|2022-07-14|14|3|0|169
338|212|5|2023-12-18|2024-04-05|14|1|0|169
339|213|5|2023-07-03|2024-01-29|14|4|0|194
340|214|5|2023-06-21|2024-02-11|14|2|0|180
341|215|5|2024-03-13|2024-03-24|14|3|0|345
342|216|5|2022-10-01|2023-10-03|14|4|0|220
343|217|5|2023-05-13|2023-11-20|14|3|0|179
344|218|5|2024-02-18|2024-02-20|14|2|0|164
345|219|5|2022-05-22|2023-04-02|14|4|0|280
346|220|5|2022-03-31|2023-12-25|14|1|0|315
347|221|5|2022-04-10|2022-06-27|14|3|0|201
348|222|5|2022-06-17|2022-07-08|14|1|0|422
349|223|5|2023-05-18|2024-03-16|14|3|0|47
350|224|5|2023-04-04|2023-10-08|14|1|0|174
351|300|5|2023-06-07|2023-12-28|15|4|0|97
352|301|5|2023-12-26|2024-03-06|15|4|0|321
353|302|5|2023-05-29|2023-06-15|15|1|0|212
354|303|5|2022-04-13|2022-12-05|15|3|0|367
355|304|5|2023-01-31|2023-11-20|15|4|0|435
356|305|5|2023-01-30|2023-08-20|15|1|0|72
357|306|5|2022-01-24|2022-09-04|15|4|0|499
358|307|5|2023-11-20|2024-03-27|15|2|0|132
359|308|5|2022-04-25|2023-07-30|15|2|0|20
360|309|5|2022-10-01|2023-11-08|15|3|0|138
361|310|5|2023-10-30|2024-03-13|15|4|0|147
362|311|5|2022-12-13|2023-08-03|15|4|0|340
363|312|5|2024-02-09|2024-04-02|15|2|0|397
364|313|5|2023-05-01|2023-07-08|15|1|0|410
365|314|5|2022-01-24|2022-09-07|15|4|0|135
366|315|5|2023-05-12|2024-02-20|15|4|0|329
367|316|5|2023-03-27|2024-01-11|15|1|0|403
368|317|5|2023-07-16|2024-02-20|15|1|0|51
369|318|5|2023-03-22|2024-02-07|15|1|0|391
370|319|5|2023-04-23|2023-12-01|15|4|0|370
371|320|5|2022-08-08|2022-11-03|15|3|0|492
372|321|5|2022-03-14|2022-09-07|15|3|0|195
373|322|5|2023-01-03|2023-10-14|15|3|0|71
374|323|5|2023-10-06|2024-01-29|15|2|0|331
375|324|5|2023-06-02|2024-01-05|15|2|0|115
376|100|6|2022-01-09|2022-12-08|16|1|0|140
377|101|6|2022-03-22|2023-11-03|16|1|0|491
378|102|6|2022-10-26|2023-05-13|16|4|0|307
379|103|6|2022-10-22|2024-04-06|16|4|0|112
380|104|6|2022-05-15|2023-03-10|16|4|0|170
381|105|6|2023-09-05|2024-02-16|16|2|0|205
382|106|6|2023-05-26|2023-08-16|16|4|0|273
383|107|6|2023-01-27|2023-10-02|16|2|0|170
384|108|6|2022-12-12|2023-09-04|16|4|0|209
385|109|6|2022-12-26|2023-09-14|16|3|0|66
386|110|6|2023-07-15|2023-09-17|16|3|0|328
387|111|6|2022-09-05|2024-01-05|16|3|0|327
388|112|6|2023-08-10|2024-01-13|16|2|0|386
389|113|6|2023-03-16|2023-08-22|16|1|0|64
390|114|6|2024-03-12|2024-03-21|16|4|0|421
391|115|6|2023-03-15|2023-03-23|16|2|0|489
392|116|6|2023-04-11|2023-12-07|16|1|0|139
393|117|6|2022-06-23|2024-02-02|16|3|0|460
394|118|6|2022-03-07|2022-05-02|16|1|0|43
395|119|6|2022-10-12|2023-05-08|16|3|0|334
396|120|6|2022-12-12|2023-08-10|16|4|0|199
397|121|6|2022-12-18|2022-12-26|16|1|0|329
398|122|6|2023-08-16|2024-03-07|16|4|0|467
399|123|6|2022-01-21|2023-01-24|16|3|0|1
400|124|6|2023-08-04|2023-08-09|16|4|0|90
401|200|6|2022-01-13|2023-01-29|17|4|0|130
402|201|6|2023-03-22|2024-03-18|17|4|0|145
403|202|6|2022-07-17|2023-11-28|17|1|0|125
404|203|6|2022-03-06|2023-11-07|17|1|0|146
405|204|6|2022-01-23|2024-02-27|17|3|0|229
406|205|6|2024-02-06|2024-03-23|17|3|0|159
407|206|6|2024-02-25|2024-03-22|17|2|0|470
408|207|6|2022-12-29|2023-05-27|17|1|0|312
409|208|6|2023-10-09|2024-04-05|17|4|0|489
410|209|6|2024-03-09|2024-03-13|17|2|0|361
411|210|6|2023-09-30|2023-12-20|17|3|0|194
412|211|6|2022-09-26|2023-03-07|17|1|0|326
413|212|6|2022-10-02|2022-11-13|17|4|0|69
414|213|6|2023-08-17|2023-12-20|17|2|0|136
415|214|6|2023-05-20|2023-09-04|17|2|0|243
416|215|6|2022-11-28|2023-05-12|17|1|0|489
417|216|6|2022-06-22|2023-05-15|17|2|0|276
418|217|6|2023-06-06|2023-09-22|17|3|0|132
419|218|6|2023-08-28|2024-03-07|17|2|0|270
420|219|6|2022-04-16|2024-03-31|17|3|0|170
421|220|6|2022-04-29|2022-09-19|17|3|0|411
422|221|6|2022-05-18|2022-11-03|17|2|0|151
423|222|6|2023-11-23|2024-01-30|17|1|0|464
424|223|6|2022-06-03|2023-09-29|17|1|0|315
425|224|6|2022-04-27|2023-08-20|17|1|0|139
426|300|6|2023-12-06|2024-01-09|18|2|0|72
427|301|6|2024-02-08|2024-03-23|18|2|0|199
428|302|6|2022-09-15|2023-07-04|18|3|0|423
429|303|6|2022-12-19|2024-02-25|18|3|0|278
430|304|6|2024-03-21|2024-03-23|18|3|0|460
431|305|6|2022-12-26|2023-07-11|18|2|0|198
432|306|6|2023-01-04|2023-07-07|18|3|0|194
433|307|6|2022-10-30|2023-06-06|18|3|0|451
434|308|6|2023-07-23|2024-02-22|18|4|0|117
435|309|6|2024-03-12|2024-03-18|18|2|0|376
436|310|6|2023-07-02|2023-12-24|18|2|0|231
437|311|6|2023-11-18|2024-02-08|18|2|0|202
438|312|6|2022-11-26|2023-12-19|18|3|0|433
439|313|6|2023-11-13|2023-12-16|18|4|0|297
440|314|6|2023-12-05|2024-03-08|18|4|0|411
441|315|6|2022-02-28|2023-03-25|18|3|0|294
442|316|6|2022-03-09|2023-03-23|18|1|0|58
443|317|6|2022-05-31|2022-09-29|18|4|0|459
444|318|6|2022-06-29|2023-04-24|18|1|0|280
445|319|6|2022-06-30|2023-01-17|18|3|0|10
446|320|6|2022-03-30|2023-07-28|18|1|0|259
447|321|6|2023-12-02|2024-01-22|18|3|0|207
448|322|6|2022-03-15|2022-08-28|18|4|0|270
449|323|6|2023-05-30|2024-01-03|18|3|0|465
450|324|6|2022-03-19|2023-09-13|18|3|0|366
451|100|7|2022-03-19|2022-04-18|19|1|0|269
452|101|7|2023-10-30|2023-11-23|19|1|0|349
453|102|7|2023-12-03|2023-12-11|19|2|0|20
454|103|7|2023-06-15|2024-02-27|19|1|0|95
455|104|7|2022-12-26|2023-08-19|19|1|0|333
456|105|7|2022-04-20|2024-02-02|19|1|0|194
457|106|7|2023-09-16|2023-10-08|19|2|0|183
458|107|7|2022-01-22|2022-04-04|19|1|0|380
459|108|7|2022-11-14|2023-12-11|19|2|0|216
460|109|7|2023-12-08|2024-03-26|19|1|0|32
461|110|7|2023-01-31|2023-06-14|19|2|0|83
462|111|7|2024-02-05|2024-04-03|19|2|0|133
463|112|7|2022-02-06|2022-09-22|19|1|0|473
464|113|7|2022-10-18|2023-10-05|19|2|0|370
465|114|7|2022-09-12|2023-06-30|19|2|0|38
466|115|7|2023-02-03|2023-04-26|19|1|0|233
467|116|7|2024-02-18|2024-03-17|19|2|0|213
468|117|7|2023-11-05|2024-03-11|19|2|0|408
469|118|7|2023-06-25|2024-01-31|19|2|0|18
470|119|7|2024-02-19|2024-03-02|19|1|0|364
471|120|7|2023-02-18|2023-07-29|19|1|0|276
472|121|7|2023-01-03|2023-01-21|19|1|0|470
473|122|7|2024-01-16|2024-01-16|19|2|0|291
474|123|7|2023-02-19|2023-06-02|19|1|0|106
475|124|7|2022-11-03|2022-12-26|19|2|0|242
476|200|7|2023-07-26|2023-11-27|20|1|0|97
477|201|7|2023-10-24|2024-01-20|20|1|0|391
478|202|7|2023-09-14|2023-10-30|20|1|0|186
479|203|7|2022-02-21|2024-03-22|20|1|0|26
480|204|7|2024-02-02|2024-03-21|20|1|0|270
481|205|7|2022-05-08|2023-02-20|20|2|0|422
482|206|7|2024-01-02|2024-03-10|20|2|0|189
483|207|7|2024-03-05|2024-03-05|20|1|0|225
484|208|7|2022-11-06|2022-12-19|20|1|0|262
485|209|7|2022-12-27|2023-02-08|20|1|0|334
486|210|7|2023-11-12|2024-02-17|20|1|0|160
487|211|7|2022-07-21|2022-09-07|20|1|0|215
488|212|7|2024-02-29|2024-03-13|20|1|0|427
489|213|7|2024-03-15|2024-04-07|20|2|0|340
490|214|7|2022-10-18|2022-12-09|20|1|0|137
491|215|7|2024-02-03|2024-03-08|20|2|0|430
492|216|7|2022-05-25|2024-01-26|20|2|0|334
493|217|7|2022-10-08|2023-08-13|20|2|0|306
494|218|7|2022-10-05|2023-10-29|20|1|0|145
495|219|7|2022-02-05|2022-05-02|20|1|0|67
496|220|7|2023-10-07|2024-03-08|20|1|0|16
497|221|7|2022-09-25|2022-11-10|20|1|0|395
498|222|7|2022-04-10|2023-02-08|20|1|0|393
499|223|7|2022-01-03|2023-04-15|20|2|0|165
500|224|7|2022-05-01|2022-06-17|20|1|0|169
501|300|7|2023-05-24|2023-11-15|21|1|0|443
502|301|7|2022-02-27|2022-04-18|21|1|0|474
503|302|7|2023-02-20|2023-08-11|21|1|0|185
504|303|7|2023-01-13|2023-06-19|21|2|0|350
505|304|7|2023-03-19|2023-04-23|21|1|0|34
506|305|7|2024-01-02|2024-01-30|21|1|0|418
507|306|7|2022-07-10|2023-10-06|21|1|0|400
508|307|7|2023-06-23|2024-03-24|21|2|0|33
509|308|7|2023-01-10|2024-01-08|21|1|0|107
510|309|7|2022-03-16|2023-10-31|21|1|0|314
511|310|7|2023-10-15|2024-02-01|21|2|0|244
512|311|7|2023-08-08|2023-09-12|21|1|0|393
513|312|7|2023-10-12|2024-02-08|21|1|0|219
514|313|7|2023-09-23|2024-03-21|21|2|0|47
515|314|7|2022-12-22|2023-04-04|21|1|0|62
516|315|7|2023-05-19|2023-10-10|21|2|0|381
517|316|7|2022-12-23|2023-04-22|21|1|0|353
518|317|7|2022-03-08|2023-09-08|21|2|0|450
519|318|7|2024-03-29|2024-04-07|21|1|0|271
520|319|7|2022-03-02|2023-04-15|21|1|0|123
521|320|7|2024-03-22|2024-04-05|21|2|0|160
522|321|7|2023-04-20|2023-08-24|21|2|0|191
523|322|7|2023-02-19|2023-06-22|21|1|0|151
524|323|7|2022-08-28|2023-01-23|21|2|0|315
525|324|7|2022-12-14|2023-01-25|21|2|0|327
526|100|8|2024-02-04|2024-04-07|22|2|0|251
527|101|8|2023-07-30|2023-09-25|22|1|0|117
528|102|8|2024-02-20|2024-03-28|22|1|0|174
529|103|8|2022-11-15|2024-03-27|22|2|0|482
530|104|8|2022-05-15|2023-06-27|22|2|0|121
531|105|8|2023-08-18|2023-08-27|22|1|0|24
532|106|8|2022-08-01|2023-08-17|22|2|0|396
533|107|8|2022-06-29|2022-12-03|22|2|0|345
534|108|8|2022-02-04|2022-04-04|22|2|0|198
535|109|8|2023-06-16|2024-02-04|22|2|0|298
536|110|8|2022-11-29|2023-12-29|22|1|0|82
537|111|8|2023-12-15|2024-03-07|22|2|0|147
538|112|8|2022-06-08|2023-08-01|22|1|0|75
539|113|8|2022-11-30|2023-08-30|22|2|0|105
540|114|8|2023-03-07|2023-10-10|22|2|0|262
541|115|8|2023-07-16|2024-01-09|22|2|0|214
542|116|8|2024-02-15|2024-03-21|22|1|0|244
543|117|8|2023-02-27|2023-04-05|22|2|0|285
544|118|8|2022-05-13|2023-06-11|22|1|0|221
545|119|8|2023-12-01|2024-03-09|22|2|0|468
546|120|8|2022-02-10|2023-09-17|22|2|0|424
547|121|8|2022-01-27|2024-02-03|22|1|0|492
548|122|8|2023-10-14|2024-03-29|22|2|0|387
549|123|8|2022-12-15|2023-11-18|22|1|0|53
550|124|8|2023-04-15|2023-11-11|22|2|0|302
551|200|8|2022-04-03|2023-12-07|23|2|0|132
552|201|8|2023-05-02|2023-10-28|23|2|0|50
553|202|8|2023-09-25|2023-11-10|23|1|0|213
554|203|8|2022-09-07|2023-09-14|23|1|0|193
555|204|8|2023-06-27|2024-03-07|23|2|0|294
556|205|8|2023-11-07|2023-12-09|23|2|0|345
557|206|8|2023-08-18|2024-03-03|23|1|0|98
558|207|8|2023-10-20|2024-01-26|23|2|0|424
559|208|8|2022-01-15|2022-07-02|23|2|0|298
560|209|8|2023-12-14|2024-01-27|23|1|0|338
561|210|8|2022-12-18|2023-10-04|23|2|0|124
562|211|8|2022-07-18|2022-09-22|23|2|0|144
563|212|8|2022-09-25|2023-05-06|23|1|0|464
564|213|8|2022-03-21|2022-05-20|23|2|0|203
565|214|8|2022-04-17|2022-10-07|23|2|0|26
566|215|8|2023-12-21|2024-01-17|23|1|0|22
567|216|8|2023-05-12|2023-08-02|23|1|0|424
568|217|8|2022-07-07|2023-11-12|23|2|0|1
569|218|8|2023-08-02|2023-10-15|23|2|0|6
570|219|8|2022-01-15|2022-02-07|23|2|0|269
571|220|8|2024-03-26|2024-03-29|23|1|0|105
572|221|8|2022-07-14|2022-12-28|23|1|0|350
573|222|8|2022-05-22|2023-09-14|23|1|0|7
574|223|8|2022-05-23|2023-12-30|23|2|0|201
575|224|8|2022-10-31|2023-03-28|23|1|0|422
576|300|8|2022-09-24|2022-10-24|24|2|0|403
577|301|8|2022-06-20|2023-06-27|24|1|0|159
578|302|8|2022-04-16|2022-12-18|24|2|0|206
579|303|8|2022-08-13|2023-03-01|24|2|0|482
580|304|8|2023-05-26|2023-06-04|24|2|0|68
581|305|8|2024-01-12|2024-03-27|24|1|0|326
582|306|8|2023-06-04|2023-11-10|24|2|0|103
583|307|8|2022-01-27|2023-11-25|24|2|0|151
584|308|8|2023-10-11|2024-01-07|24|1|0|227
585|309|8|2022-01-18|2022-06-27|24|1|0|392
586|310|8|2024-02-09|2024-03-15|24|2|0|118
587|311|8|2024-02-23|2024-03-25|24|2|0|146
588|312|8|2023-07-23|2023-09-08|24|2|0|212
589|313|8|2022-02-06|2022-10-19|24|2|0|140
590|314|8|2023-01-20|2024-01-18|24|1|0|284
591|315|8|2022-05-01|2024-04-02|24|2|0|84
592|316|8|2023-05-02|2023-05-04|24|2|0|497
593|317|8|2023-12-24|2024-01-18|24|2|0|230
594|318|8|2023-01-19|2023-10-03|24|1|0|352
595|319|8|2022-12-15|2023-11-26|24|1|0|446
596|320|8|2023-03-17|2024-01-18|24|1|0|125
597|321|8|2023-12-23|2024-02-09|24|2|0|494
598|322|8|2022-01-18|2022-09-04|24|2|0|482
599|323|8|2023-12-16|2023-12-29|24|1|0|437
600|324|8|2022-04-14|2023-08-02|24|1|0|39
601|100|9|2022-07-27|2023-03-18|25|3|0|45
602|101|9|2023-05-30|2024-01-15|25|4|0|460
603|102|9|2022-04-17|2022-08-04|25|2|0|377
604|103|9|2024-02-10|2024-03-05|25|2|0|302
605|104|9|2022-09-29|2023-07-06|25|5|0|423
606|105|9|2022-03-23|2024-03-19|25|2|0|165
607|106|9|2023-04-08|2023-05-15|25|4|0|97
608|107|9|2022-05-25|2022-12-14|25|6|0|381
609|108|9|2022-06-22|2024-03-26|25|4|0|291
610|109|9|2022-12-17|2024-03-20|25|3|0|86
611|110|9|2022-06-10|2023-11-06|25|1|0|109
612|111|9|2023-08-18|2023-12-11|25|5|0|67
613|112|9|2022-03-22|2022-05-24|25|3|0|153
614|113|9|2022-09-24|2023-04-22|25|2|0|75
615|114|9|2022-06-22|2023-07-13|25|1|0|74
616|115|9|2023-07-28|2024-01-18|25|3|0|184
617|116|9|2022-04-28|2024-03-27|25|6|0|75
618|117|9|2023-07-09|2024-02-14|25|6|0|163
619|118|9|2023-06-29|2024-03-15|25|6|0|492
620|119|9|2022-01-06|2023-10-27|25|2|0|240
621|120|9|2022-06-16|2022-07-04|25|2|0|24
622|121|9|2024-01-23|2024-02-05|25|3|0|90
623|122|9|2022-05-04|2023-09-26|25|6|0|219
624|123|9|2023-08-26|2024-01-21|25|5|0|395
625|124|9|2022-12-23|2024-02-17|25|6|0|450
626|200|9|2022-09-06|2023-03-16|26|1|0|1
627|201|9|2022-08-10|2023-07-10|26|5|0|87
628|202|9|2024-01-11|2024-01-28|26|1|0|334
629|203|9|2022-12-03|2024-02-04|26|6|0|491
630|204|9|2023-12-15|2023-12-31|26|5|0|290
631|205|9|2022-03-26|2023-08-09|26|1|0|85
632|206|9|2022-09-28|2023-06-23|26|2|0|321
633|207|9|2023-12-27|2024-01-30|26|1|0|472
634|208|9|2022-05-19|2023-02-17|26|6|0|96
635|209|9|2023-05-21|2023-09-19|26|4|0|94
636|210|9|2022-04-04|2022-04-22|26|4|0|174
637|211|9|2022-03-03|2023-03-18|26|6|0|140
638|212|9|2022-08-02|2023-08-21|26|5|0|497
639|213|9|2024-03-01|2024-03-30|26|1|0|284
640|214|9|2022-01-22|2022-08-29|26|6|0|150
641|215|9|2024-03-07|2024-03-31|26|5|0|368
642|216|9|2022-10-26|2023-06-06|26|5|0|250
643|217|9|2023-11-24|2024-02-02|26|1|0|287
644|218|9|2023-03-04|2023-03-04|26|6|0|126
645|219|9|2022-07-17|2024-03-24|26|5|0|166
646|220|9|2022-12-26|2023-11-19|26|4|0|353
647|221|9|2023-02-10|2023-06-26|26|2|0|291
648|222|9|2024-03-21|2024-03-25|26|3|0|456
649|223|9|2022-09-04|2023-02-19|26|4|0|266
650|224|9|2022-02-20|2024-02-17|26|1|0|16
651|300|9|2022-05-03|2022-09-28|27|2|0|32
652|301|9|2023-10-01|2024-03-18|27|2|0|362
653|302|9|2024-02-28|2024-03-07|27|2|0|202
654|303|9|2022-02-16|2024-03-08|27|1|0|249
655|304|9|2024-02-27|2024-04-03|27|4|0|6
656|305|9|2023-02-05|2023-09-28|27|5|0|148
657|306|9|2022-12-22|2024-02-13|27|1|0|272
658|307|9|2024-01-13|2024-02-04|27|5|0|443
659|308|9|2024-02-07|2024-02-11|27|4|0|477
660|309|9|2022-06-07|2023-10-02|27|2|0|46
661|310|9|2022-12-23|2023-07-25|27|6|0|459
662|311|9|2022-05-23|2023-06-02|27|1|0|95
663|312|9|2022-06-30|2022-09-04|27|6|0|325
664|313|9|2023-05-11|2023-06-17|27|4|0|260
665|314|9|2022-11-13|2024-01-13|27|5|0|275
666|315|9|2022-01-04|2022-07-11|27|5|0|412
667|316|9|2022-07-19|2023-09-17|27|3|0|381
668|317|9|2023-07-07|2023-12-22|27|2|0|328
669|318|9|2023-09-26|2024-03-06|27|5|0|347
670|319|9|2024-01-11|2024-01-30|27|4|0|454
671|320|9|2023-07-11|2024-03-23|27|4|0|419
672|321|9|2022-11-04|2023-08-16|27|4|0|35
673|322|9|2023-11-14|2024-02-03|27|1|0|10
674|323|9|2023-04-02|2023-09-07|27|4|0|245
675|324|9|2023-11-05|2024-01-16|27|3|0|413
676|100|10|2023-10-04|2024-03-22|28|2|0|444
677|101|10|2022-01-31|2022-06-24|28|1|0|470
678|102|10|2022-12-11|2022-12-17|28|4|0|64
679|103|10|2022-02-08|2023-12-10|28|3|0|212
680|104|10|2023-09-08|2024-03-01|28|2|0|266
681|105|10|2022-09-14|2023-10-24|28|2|0|341
682|106|10|2022-01-14|2023-07-14|28|1|0|128
683|107|10|2023-05-13|2023-12-09|28|4|0|396
684|108|10|2023-11-17|2023-12-31|28|2|0|481
685|109|10|2022-03-14|2023-01-06|28|3|0|130
686|110|10|2023-10-31|2024-01-07|28|4|0|315
687|111|10|2023-07-18|2024-02-10|28|2|0|463
688|112|10|2023-03-10|2023-03-11|28|4|0|67
689|113|10|2022-08-19|2022-11-13|28|1|0|260
690|114|10|2023-10-16|2024-02-29|28|1|0|133
691|115|10|2024-03-19|2024-03-26|28|4|0|87
692|116|10|2022-11-24|2023-10-31|28|2|0|63
693|117|10|2023-08-03|2023-10-26|28|3|0|275
694|118|10|2022-04-21|2022-05-30|28|2|0|271
695|119|10|2022-10-01|2024-01-08|28|2|0|61
696|120|10|2023-09-26|2023-10-02|28|1|0|283
697|121|10|2022-03-01|2023-03-15|28|1|0|94
698|122|10|2022-07-05|2022-09-12|28|2|0|361
699|123|10|2022-07-25|2022-12-17|28|3|0|456
700|124|10|2023-03-16|2023-06-12|28|3|0|247
701|200|10|2023-04-16|2023-06-22|29|4|0|449
702|201|10|2022-01-12|2022-05-01|29|4|0|89
703|202|10|2022-09-10|2023-03-01|29|4|0|394
704|203|10|2023-07-08|2024-01-30|29|2|0|111
705|204|10|2022-01-05|2022-04-17|29|4|0|280
706|205|10|2023-08-13|2024-01-15|29|2|0|101
707|206|10|2022-07-21|2023-08-11|29|4|0|466
708|207|10|2022-09-17|2023-11-24|29|1|0|49
709|208|10|2023-04-23|2024-03-14|29|4|0|352
710|209|10|2023-11-26|2024-03-16|29|2|0|362
711|210|10|2022-02-21|2023-06-17|29|3|0|120
712|211|10|2022-07-01|2023-06-20|29|4|0|57
713|212|10|2023-03-03|2024-01-05|29|3|0|285
714|213|10|2022-11-06|2023-05-06|29|2|0|95
715|214|10|2023-05-27|2024-01-25|29|3|0|235
716|215|10|2023-12-06|2024-02-17|29|3|0|144
717|216|10|2022-02-26|2022-05-11|29|2|0|145
718|217|10|2022-01-08|2023-01-16|29|2|0|107
719|218|10|2022-09-11|2024-03-18|29|2|0|125
720|219|10|2022-09-20|2022-12-20|29|4|0|326
721|220|10|2022-10-21|2023-12-16|29|1|0|431
722|221|10|2024-03-10|2024-03-31|29|4|0|244
723|222|10|2022-11-01|2023-03-27|29|1|0|74
724|223|10|2023-11-26|2023-12-12|29|2|0|355
725|224|10|2023-11-09|2023-12-28|29|1|0|106
726|300|10|2022-07-04|2023-07-09|30|4|0|382
727|301|10|2024-01-02|2024-02-16|30|3|0|112
728|302|10|2023-11-07|2023-12-15|30|1|0|162
729|303|10|2023-11-29|2023-12-09|30|2|0|155
730|304|10|2022-05-06|2023-01-28|30|2|0|221
731|305|10|2023-11-23|2024-02-28|30|2|0|336
732|306|10|2022-06-18|2023-03-13|30|1|0|393
733|307|10|2023-06-17|2023-12-20|30|3|0|342
734|308|10|2023-04-04|2024-02-09|30|2|0|281
735|309|10|2022-11-03|2022-11-24|30|3|0|494
736|310|10|2022-07-14|2022-11-26|30|3|0|490
737|311|10|2022-03-28|2022-11-03|30|1|0|310
738|312|10|2022-07-12|2023-01-15|30|4|0|445
739|313|10|2023-08-16|2024-03-09|30|2|0|322
740|314|10|2023-09-10|2024-03-17|30|4|0|447
741|315|10|2023-11-21|2024-02-22|30|3|0|464
742|316|10|2022-09-17|2022-09-24|30|2|0|457
743|317|10|2022-01-17|2023-01-02|30|3|0|369
744|318|10|2022-01-04|2022-02-23|30|1|0|217
745|319|10|2023-09-16|2023-10-05|30|2|0|477
746|320|10|2022-08-10|2023-04-21|30|4|0|36
747|321|10|2023-11-22|2024-01-26|30|1|0|62
748|322|10|2023-07-19|2024-02-10|30|2|0|275
749|323|10|2022-11-14|2024-02-06|30|1|0|313
750|324|10|2023-03-08|2023-11-11|30|4|0|164
751|100|11|2022-07-22|2023-08-05|31|1|0|256
752|101|11|2023-04-09|2023-08-17|31|1|0|272
753|102|11|2022-04-22|2022-11-19|31|3|0|67
754|103|11|2023-03-15|2023-09-09|31|4|0|225
755|104|11|2022-09-22|2023-07-03|31|2|0|84
756|105|11|2022-05-29|2022-09-09|31|3|0|499
757|106|11|2024-02-21|2024-03-26|31|4|0|97
758|107|11|2022-11-21|2023-04-10|31|1|0|212
759|108|11|2022-06-09|2022-09-17|31|3|0|203
760|109|11|2022-04-26|2022-11-21|31|2|0|57
761|110|11|2023-05-24|2023-10-03|31|3|0|328
762|111|11|2023-12-04|2023-12-14|31|1|0|326
763|112|11|2023-07-25|2024-03-01|31|2|0|136
764|113|11|2022-02-02|2022-06-25|31|2|0|179
765|114|11|2022-03-06|2024-03-11|31|3|0|321
766|115|11|2022-08-27|2023-07-31|31|4|0|142
767|116|11|2023-02-10|2023-08-18|31|2|0|272
768|117|11|2022-08-18|2023-06-05|31|3|0|377
769|118|11|2022-05-31|2023-09-04|31|3|0|253
770|119|11|2024-02-04|2024-02-05|31|4|0|212
771|120|11|2023-11-03|2024-02-04|31|4|0|133
772|121|11|2023-06-08|2023-11-11|31|1|0|298
773|122|11|2022-12-24|2024-02-12|31|2|0|121
774|123|11|2023-06-12|2024-04-07|31|2|0|231
775|124|11|2023-09-29|2024-01-20|31|3|0|117
776|200|11|2023-05-07|2023-12-19|32|2|0|462
777|201|11|2022-04-16|2022-12-30|32|2|0|131
778|202|11|2024-01-05|2024-02-17|32|1|0|272
779|203|11|2023-08-17|2024-01-25|32|1|0|441
780|204|11|2022-03-26|2022-12-01|32|2|0|464
781|205|11|2024-02-17|2024-03-08|32|3|0|387
782|206|11|2022-01-14|2023-12-30|32|2|0|140
783|207|11|2022-04-12|2022-04-14|32|4|0|89
784|208|11|2023-09-03|2023-12-16|32|3|0|297
785|209|11|2023-09-23|2023-10-31|32|2|0|10
786|210|11|2023-07-06|2023-10-31|32|1|0|333
787|211|11|2022-01-29|2022-03-14|32|3|0|92
788|212|11|2022-07-27|2023-10-06|32|4|0|301
789|213|11|2023-07-10|2023-10-31|32|3|0|142
790|214|11|2023-05-07|2023-12-16|32|2|0|118
791|215|11|2022-04-10|2023-09-02|32|3|0|335
792|216|11|2023-05-30|2023-11-03|32|1|0|377
793|217|11|2022-06-17|2023-09-16|32|2|0|100
794|218|11|2023-01-07|2023-02-15|32|3|0|354
795|219|11|2022-08-09|2023-08-10|32|3|0|25
796|220|11|2022-12-24|2023-07-14|32|4|0|305
797|221|11|2023-12-20|2024-01-12|32|4|0|428
798|222|11|2024-02-11|2024-02-22|32|1|0|171
799|223|11|2022-12-14|2023-11-25|32|1|0|13
800|224|11|2022-10-16|2023-05-21|32|4|0|354
801|300|11|2022-04-06|2024-01-08|33|2|0|42
802|301|11|2023-08-06|2024-02-27|33|3|0|347
803|302|11|2023-02-20|2023-07-30|33|4|0|435
804|303|11|2022-08-30|2023-02-16|33|2|0|253
805|304|11|2022-04-04|2023-01-31|33|3|0|489
806|305|11|2023-10-09|2024-02-11|33|2|0|85
807|306|11|2022-07-15|2023-08-03|33|3|0|149
808|307|11|2022-03-18|2024-01-23|33|2|0|472
809|308|11|2023-06-22|2024-01-31|33|2|0|366
810|309|11|2023-11-08|2023-12-25|33|2|0|274
811|310|11|2024-01-16|2024-02-17|33|1|0|498
812|311|11|2023-11-05|2024-04-02|33|2|0|366
813|312|11|2023-03-06|2023-12-14|33|4|0|405
814|313|11|2023-07-24|2023-10-24|33|3|0|306
815|314|11|2022-06-21|2023-07-21|33|4|0|493
816|315|11|2023-06-08|2023-10-19|33|4|0|399
817|316|11|2023-05-10|2023-12-24|33|1|0|493
818|317|11|2022-07-13|2023-06-10|33|1|0|141
819|318|11|2022-05-14|2022-12-09|33|3|0|22
820|319|11|2022-04-15|2024-01-27|33|3|0|384
821|320|11|2022-05-08|2023-01-08|33|1|0|162
822|321|11|2023-03-14|2023-05-03|33|4|0|44
823|322|11|2024-01-15|2024-01-22|33|2|0|444
824|323|11|2022-08-18|2023-06-01|33|2|0|300
825|324|11|2024-02-10|2024-04-03|33|3|0|120
826|100|12|2023-12-14|2024-03-02|34|4|0|284
827|101|12|2023-10-01|2023-10-18|34|4|0|274
828|102|12|2023-02-04|2023-05-27|34|2|0|465
829|103|12|2023-08-10|2024-02-13|34|3|0|233
830|104|12|2023-03-28|2023-12-01|34|4|0|217
831|105|12|2023-03-14|2024-03-29|34|1|0|266
832|106|12|2024-02-03|2024-03-14|34|3|0|248
833|107|12|2024-01-04|2024-01-12|34|1|0|303
834|108|12|2022-05-19|2022-11-10|34|1|0|438
835|109|12|2024-01-17|2024-03-24|34|3|0|159
836|110|12|2023-09-28|2024-02-27|34|1|0|328
837|111|12|2022-12-24|2023-05-17|34|2|0|411
838|112|12|2023-06-02|2023-12-26|34|4|0|480
839|113|12|2022-05-11|2022-09-23|34|1|0|282
840|114|12|2023-04-03|2023-04-19|34|4|0|153
841|115|12|2023-04-02|2023-08-03|34|4|0|465
842|116|12|2023-08-12|2024-01-16|34|4|0|459
843|117|12|2023-10-25|2024-03-26|34|3|0|390
844|118|12|2022-11-17|2022-11-29|34|3|0|310
845|119|12|2023-01-20|2023-10-04|34|3|0|102
846|120|12|2022-08-23|2022-09-03|34|2|0|273
847|121|12|2022-09-13|2023-11-20|34|4|0|130
848|122|12|2022-06-26|2022-10-22|34|4|0|164
849|123|12|2023-07-19|2023-12-30|34|1|0|335
850|124|12|2023-03-23|2023-05-19|34|3|0|384
851|200|12|2023-04-23|2023-09-12|35|3|0|457
852|201|12|2023-03-28|2023-08-06|35|3|0|169
853|202|12|2022-04-25|2023-03-24|35|1|0|459
854|203|12|2022-04-27|2024-02-18|35|1|0|269
855|204|12|2022-03-30|2023-04-10|35|2|0|195
856|205|12|2023-10-07|2024-04-04|35|2|0|310
857|206|12|2022-07-24|2024-02-04|35|4|0|152
858|207|12|2022-04-18|2023-04-28|35|1|0|226
859|208|12|2023-03-26|2023-11-26|35|2|0|340
860|209|12|2023-08-19|2023-09-10|35|1|0|135
861|210|12|2023-07-23|2023-10-07|35|3|0|96
862|211|12|2023-01-29|2023-08-25|35|2|0|84
863|212|12|2023-06-26|2023-12-21|35|3|0|147
864|213|12|2022-04-09|2023-11-06|35|1|0|414
865|214|12|2022-08-04|2022-10-06|35|3|0|72
866|215|12|2023-01-02|2024-04-05|35|4|0|364
867|216|12|2023-10-15|2024-01-15|35|4|0|200
868|217|12|2023-08-02|2024-01-02|35|3|0|54
869|218|12|2022-07-18|2022-10-28|35|1|0|397
870|219|12|2023-12-07|2024-01-08|35|4|0|499
871|220|12|2023-11-03|2023-12-31|35|1|0|442
872|221|12|2023-05-05|2023-07-17|35|1|0|93
873|222|12|2023-03-15|2023-05-27|35|2|0|235
874|223|12|2023-06-27|2024-01-05|35|3|0|86
875|224|12|2022-09-08|2022-11-28|35|4|0|107
876|300|12|2022-02-05|2023-11-14|36|4|0|264
877|301|12|2023-03-16|2023-08-11|36|3|0|313
878|302|12|2023-05-19|2023-08-21|36|4|0|442
879|303|12|2023-02-07|2023-11-09|36|3|0|440
880|304|12|2024-03-20|2024-04-06|36|4|0|272
881|305|12|2023-05-18|2023-12-12|36|4|0|253
882|306|12|2023-11-27|2024-03-31|36|3|0|99
883|307|12|2022-08-13|2023-08-16|36|2|0|486
884|308|12|2023-07-18|2024-04-04|36|2|0|354
885|309|12|2022-12-12|2022-12-14|36|3|0|179
886|310|12|2024-01-22|2024-02-03|36|1|0|184
887|311|12|2023-02-27|2023-12-22|36|3|0|51
888|312|12|2023-12-08|2024-01-21|36|1|0|220
889|313|12|2023-08-29|2023-11-22|36|4|0|183
890|314|12|2023-05-15|2024-01-17|36|3|0|156
891|315|12|2023-09-29|2024-02-27|36|2|0|287
892|316|12|2023-12-10|2024-01-16|36|4|0|238
893|317|12|2022-09-16|2023-01-15|36|1|0|453
894|318|12|2023-03-21|2023-07-24|36|2|0|59
895|319|12|2022-09-04|2022-09-08|36|1|0|254
896|320|12|2023-09-15|2023-11-28|36|2|0|221
897|321|12|2023-08-17|2024-02-25|36|2|0|407
898|322|12|2023-05-14|2023-12-30|36|2|0|26
899|323|12|2023-09-23|2023-11-20|36|2|0|245
900|324|12|2024-03-31|2024-04-04|36|4|0|122
901|100|13|2023-07-23|2023-11-25|37|3|0|104
902|101|13|2022-08-08|2023-08-16|37|3|0|86
903|102|13|2024-03-30|2024-04-02|37|1|0|16
904|103|13|2022-06-15|2023-02-28|37|4|0|244
905|104|13|2022-12-17|2023-01-31|37|4|0|482
906|105|13|2024-01-24|2024-02-20|37|1|0|440
907|106|13|2023-04-19|2024-04-01|37|2|0|406
908|107|13|2023-02-16|2024-02-02|37|4|0|32
909|108|13|2022-11-20|2023-02-01|37|1|0|495
910|109|13|2023-05-03|2023-10-29|37|2|0|295
911|110|13|2023-05-27|2024-01-30|37|3|0|495
912|111|13|2023-02-22|2023-07-25|37|4|0|357
913|112|13|2022-09-19|2023-04-28|37|1|0|195
914|113|13|2022-11-09|2023-08-12|37|4|0|478
915|114|13|2023-02-11|2023-07-23|37|1|0|14
916|115|13|2023-11-28|2023-12-29|37|4|0|245
917|116|13|2022-07-16|2023-11-08|37|4|0|232
918|117|13|2023-07-06|2023-07-14|37|1|0|1
919|118|13|2023-09-22|2024-02-02|37|2|0|256
920|119|13|2023-02-17|2023-11-24|37|3|0|283
921|120|13|2022-08-07|2024-02-08|37|3|0|45
922|121|13|2022-09-10|2023-04-23|37|3|0|464
923|122|13|2024-01-17|2024-02-07|37|5|0|53
924|123|13|2023-02-22|2023-11-22|37|3|0|307
925|124|13|2022-02-20|2022-05-05|37|5|0|199
926|200|13|2022-05-21|2023-07-13|38|2|0|430
927|201|13|2023-03-22|2023-12-31|38|5|0|374
928|202|13|2022-01-07|2023-01-14|38|5|0|57
929|203|13|2023-05-22|2023-06-29|38|5|0|425
930|204|13|2024-01-13|2024-02-24|38|4|0|365
931|205|13|2022-10-13|2022-10-14|38|3|0|319
932|206|13|2023-05-02|2023-12-14|38|1|0|43
933|207|13|2024-03-03|2024-03-22|38|3|0|325
934|208|13|2023-02-23|2023-05-05|38|2|0|474
935|209|13|2022-06-25|2022-07-03|38|4|0|138
936|210|13|2024-03-29|2024-04-03|38|2|0|233
937|211|13|2023-01-22|2023-08-13|38|1|0|251
938|212|13|2022-07-30|2023-08-24|38|2|0|33
939|213|13|2023-01-20|2023-08-17|38|2|0|317
940|214|13|2023-01-30|2024-03-26|38|4|0|414
941|215|13|2023-09-11|2024-01-29|38|3|0|315
942|216|13|2023-11-13|2023-11-29|38|4|0|109
943|217|13|2022-02-14|2024-02-24|38|1|0|466
944|218|13|2022-10-13|2024-03-08|38|3|0|346
945|219|13|2023-04-27|2024-02-12|38|4|0|193
946|220|13|2022-01-25|2024-03-20|38|2|0|8
947|221|13|2022-08-18|2023-07-23|38|4|0|273
948|222|13|2022-11-02|2023-12-17|38|5|0|345
949|223|13|2022-04-23|2023-08-09|38|3|0|495
950|224|13|2024-03-16|2024-03-16|38|4|0|141
951|300|13|2023-05-27|2024-02-04|39|2|0|288
952|301|13|2022-07-25|2022-12-12|39|5|0|277
953|302|13|2023-05-08|2023-11-13|39|3|0|438
954|303|13|2023-03-21|2023-05-05|39|4|0|208
955|304|13|2022-05-04|2023-11-14|39|5|0|178
956|305|13|2023-10-16|2024-04-06|39|3|0|304
957|306|13|2022-07-10|2023-08-02|39|4|0|40
958|307|13|2023-06-05|2023-09-17|39|4|0|15
959|308|13|2022-09-01|2023-07-05|39|1|0|296
960|309|13|2023-08-30|2024-02-21|39|5|0|209
961|310|13|2023-07-26|2024-01-29|39|1|0|2
962|311|13|2022-06-30|2024-03-26|39|4|0|438
963|312|13|2023-03-11|2023-12-12|39|3|0|331
964|313|13|2022-11-18|2023-06-24|39|2|0|144
965|314|13|2023-05-28|2023-12-14|39|1|0|320
966|315|13|2023-08-01|2023-09-05|39|1|0|296
967|316|13|2022-04-27|2023-08-17|39|5|0|487
968|317|13|2023-12-03|2023-12-22|39|3|0|387
969|318|13|2023-06-30|2023-08-08|39|4|0|161
970|319|13|2023-02-17|2024-02-06|39|4|0|450
971|320|13|2024-01-20|2024-03-18|39|2|0|330
972|321|13|2023-11-30|2024-01-31|39|2|0|347
973|322|13|2022-06-05|2023-04-07|39|2|0|153
974|323|13|2023-06-30|2023-11-17|39|5|0|204
975|324|13|2023-04-07|2023-12-05|39|3|0|338
976|100|14|2024-02-05|2024-03-23|40|4|0|360
977|101|14|2022-01-28|2022-05-24|40|4|0|35
978|102|14|2022-06-11|2024-01-06|40|1|0|134
979|103|14|2022-11-24|2023-07-19|40|3|0|357
980|104|14|2022-07-19|2023-06-08|40|1|0|157
981|105|14|2023-01-28|2023-10-13|40|3|0|489
982|106|14|2022-06-05|2023-02-16|40|4|0|153
983|107|14|2022-09-28|2022-12-24|40|1|0|436
984|108|14|2022-05-04|2022-12-20|40|4|0|270
985|109|14|2024-01-03|2024-02-26|40|4|0|188
986|110|14|2022-01-23|2023-08-29|40|1|0|216
987|111|14|2022-10-17|2024-03-01|40|4|0|50
988|112|14|2022-07-19|2024-02-11|40|1|0|103
989|113|14|2024-02-18|2024-02-26|40|1|0|96
990|114|14|2022-03-10|2022-06-28|40|3|0|348
991|115|14|2022-06-22|2023-10-31|40|3|0|374
992|116|14|2023-04-05|2024-03-10|40|2|0|110
993|117|14|2023-02-25|2023-02-25|40|1|0|296
994|118|14|2022-12-19|2023-06-18|40|4|0|130
995|119|14|2022-02-04|2022-08-10|40|3|0|359
996|120|14|2022-09-02|2023-03-01|40|2|0|187
997|121|14|2024-02-11|2024-04-03|40|1|0|119
998|122|14|2024-03-07|2024-04-01|40|4|0|131
999|123|14|2023-07-17|2024-01-11|40|4|0|316
1000|124|14|2024-03-10|2024-03-13|40|1|0|75
1001|200|14|2023-12-01|2024-03-14|41|2|0|149
1002|201|14|2022-06-18|2023-12-16|41|3|0|390
1003|202|14|2022-08-07|2023-01-12|41|4|0|496
1004|203|14|2023-06-10|2023-11-11|41|3|0|321
1005|204|14|2022-03-20|2023-07-17|41|1|0|227
1006|205|14|2023-05-02|2024-03-06|41|1|0|187
1007|206|14|2023-02-25|2024-01-11|41|4|0|360
1008|207|14|2023-03-05|2023-06-08|41|1|0|378
1009|208|14|2023-05-21|2023-07-16|41|1|0|146
1010|209|14|2022-11-13|2024-03-08|41|1|0|352
1011|210|14|2024-01-20|2024-02-12|41|4|0|358
1012|211|14|2023-10-31|2024-01-27|41|3|0|297
1013|212|14|2022-08-25|2024-03-04|41|3|0|286
1014|213|14|2022-04-25|2023-02-09|41|4|0|246
1015|214|14|2023-06-30|2024-02-03|41|3|0|443
1016|215|14|2022-08-21|2023-07-15|41|3|0|407
1017|216|14|2023-08-17|2023-08-28|41|4|0|385
1018|217|14|2023-08-16|2024-02-19|41|1|0|188
1019|218|14|2023-12-08|2024-01-17|41|4|0|61
1020|219|14|2022-12-27|2023-10-09|41|1|0|343
1021|220|14|2023-05-22|2023-09-13|41|3|0|190
1022|221|14|2023-05-21|2023-10-09|41|4|0|202
1023|222|14|2023-04-13|2023-10-07|41|3|0|201
1024|223|14|2023-10-07|2023-12-27|41|1|0|415
1025|224|14|2023-04-05|2023-11-26|41|1|0|182
1026|300|14|2024-03-15|2024-04-03|42|2|0|287
1027|301|14|2023-07-05|2023-10-17|42|4|0|425
1028|302|14|2023-07-04|2024-03-22|42|3|0|23
1029|303|14|2022-01-17|2023-10-02|42|4|0|377
1030|304|14|2023-05-09|2024-02-16|42|4|0|208
1031|305|14|2023-06-02|2024-03-30|42|2|0|215
1032|306|14|2023-05-14|2023-06-03|42|2|0|10
1033|307|14|2023-04-15|2023-07-31|42|2|0|30
1034|308|14|2023-07-27|2024-03-31|42|3|0|322
1035|309|14|2022-03-10|2022-10-27|42|2|0|317
1036|310|14|2022-05-07|2022-08-30|42|3|0|215
1037|311|14|2024-01-02|2024-02-23|42|3|0|221
1038|312|14|2024-01-05|2024-01-29|42|2|0|242
1039|313|14|2023-10-31|2024-02-15|42|1|0|86
1040|314|14|2023-01-22|2023-02-10|42|1|0|353
1041|315|14|2023-11-02|2024-01-14|42|1|0|36
1042|316|14|2023-04-23|2023-06-06|42|3|0|484
1043|317|14|2023-08-31|2024-01-31|42|1|0|238
1044|318|14|2023-11-23|2024-02-11|42|3|0|123
1045|319|14|2023-11-09|2023-11-28|42|2|0|386
1046|320|14|2022-08-29|2024-01-07|42|2|0|213
1047|321|14|2022-11-10|2023-09-01|42|2|0|427
1048|322|14|2024-03-08|2024-03-13|42|4|0|267
1049|323|14|2023-04-06|2024-02-10|42|3|0|2
1050|324|14|2023-06-15|2023-09-29|42|2|0|241
1051|100|15|2022-09-16|2023-01-08|43|1|0|313
1052|101|15|2023-07-21|2023-08-21|43|3|0|312
1053|102|15|2022-03-30|2022-11-19|43|2|0|203
1054|103|15|2022-08-05|2023-03-09|43|2|0|287
1055|104|15|2023-07-19|2024-02-20|43|2|0|450
1056|105|15|2022-01-22|2023-11-13|43|3|0|22
1057|106|15|2023-04-27|2023-06-25|43|3|0|232
1058|107|15|2022-07-19|2023-08-26|43|4|0|260
1059|108|15|2022-10-15|2023-02-07|43|4|0|303
1060|109|15|2023-11-07|2024-03-31|43|4|0|9
1061|110|15|2022-11-13|2023-04-03|43|4|0|462
1062|111|15|2022-09-03|2023-05-15|43|1|0|340
1063|112|15|2022-03-06|2024-01-25|43|3|0|421
1064|113|15|2023-08-27|2024-03-26|43|2|0|309
1065|114|15|2023-05-03|2023-12-17|43|1|0|247
1066|115|15|2022-04-25|2023-05-20|43|1|0|229
1067|116|15|2022-09-15|2024-01-10|43|3|0|282
1068|117|15|2022-08-01|2023-12-19|43|2|0|192
1069|118|15|2022-02-24|2022-12-14|43|3|0|480
1070|119|15|2022-01-03|2024-02-15|43|4|0|43
1071|120|15|2023-04-25|2024-03-20|43|2|0|268
1072|121|15|2023-02-02|2024-01-08|43|1|0|63
1073|122|15|2023-07-26|2024-02-17|43|4|0|30
1074|123|15|2022-02-23|2022-10-17|43|2|0|255
1075|124|15|2022-10-17|2024-03-11|43|2|0|158
1076|200|15|2023-05-04|2024-02-27|44|2|0|280
1077|201|15|2022-12-12|2024-01-10|44|3|0|139
1078|202|15|2024-01-22|2024-02-25|44|2|0|16
1079|203|15|2022-05-17|2024-03-06|44|2|0|273
1080|204|15|2022-01-26|2023-07-05|44|1|0|483
1081|205|15|2023-09-04|2023-10-10|44|3|0|246
1082|206|15|2023-04-13|2023-10-11|44|2|0|349
1083|207|15|2023-12-26|2024-03-12|44|1|0|246
1084|208|15|2023-04-28|2023-10-26|44|1|0|459
1085|209|15|2022-04-27|2023-02-21|44|4|0|88
1086|210|15|2022-06-24|2022-10-20|44|4|0|118
1087|211|15|2023-09-10|2024-01-11|44|4|0|408
1088|212|15|2023-10-01|2024-01-17|44|2|0|338
1089|213|15|2022-09-06|2022-11-06|44|3|0|18
1090|214|15|2022-03-26|2024-03-16|44|3|0|292
1091|215|15|2022-12-14|2023-06-23|44|1|0|247
1092|216|15|2023-09-06|2023-10-20|44|2|0|429
1093|217|15|2022-02-28|2023-04-24|44|3|0|45
1094|218|15|2023-10-04|2024-02-21|44|1|0|318
1095|219|15|2022-03-03|2023-11-12|44|3|0|328
1096|220|15|2022-09-15|2024-02-20|44|1|0|290
1097|221|15|2022-03-22|2023-12-16|44|2|0|419
1098|222|15|2022-03-12|2022-11-02|44|4|0|105
1099|223|15|2022-08-21|2023-07-06|44|4|0|244
1100|224|15|2023-01-20|2023-06-09|44|3|0|287
1101|300|15|2023-05-03|2023-10-10|45|1|0|237
1102|301|15|2023-08-28|2023-09-09|45|2|0|313
1103|302|15|2024-03-25|2024-03-29|45|2|0|316
1104|303|15|2022-02-28|2024-04-07|45|1|0|437
1105|304|15|2022-06-13|2023-09-24|45|2|0|284
1106|305|15|2023-10-15|2024-02-02|45|2|0|104
1107|306|15|2023-04-29|2023-11-08|45|3|0|458
1108|307|15|2022-07-29|2022-09-26|45|3|0|282
1109|308|15|2022-08-25|2022-11-14|45|1|0|298
1110|309|15|2023-08-05|2024-01-16|45|4|0|110
1111|310|15|2022-08-31|2023-12-27|45|2|0|133
1112|311|15|2023-11-17|2023-12-02|45|2|0|45
1113|312|15|2022-10-07|2022-10-08|45|3|0|154
1114|313|15|2023-12-17|2024-03-13|45|1|0|419
1115|314|15|2023-05-18|2024-02-09|45|2|0|389
1116|315|15|2022-11-27|2023-02-20|45|4|0|106
1117|316|15|2024-01-05|2024-02-01|45|2|0|83
1118|317|15|2022-10-05|2023-04-02|45|3|0|119
1119|318|15|2023-04-09|2023-04-14|45|2|0|391
1120|319|15|2022-10-26|2023-12-27|45|3|0|48
1121|320|15|2024-02-27|2024-03-13|45|1|0|11
1122|321|15|2023-09-13|2024-02-24|45|3|0|156
1123|322|15|2022-11-21|2024-02-29|45|4|0|116
1124|323|15|2022-09-11|2023-12-10|45|1|0|24
1125|324|15|2022-10-14|2023-07-06|45|4|0|328
1126|100|16|2024-01-14|2024-04-02|46|2|0|467
1127|101|16|2023-10-09|2024-01-13|46|1|0|467
1128|102|16|2022-10-03|2023-10-14|46|4|0|369
1129|103|16|2022-10-16|2023-12-22|46|2|0|100
1130|104|16|2023-03-17|2023-12-26|46|3|0|40
1131|105|16|2022-07-01|2023-06-12|46|1|0|416
1132|106|16|2023-02-02|2023-10-31|46|3|0|221
1133|107|16|2022-02-07|2023-09-14|46|1|0|105
1134|108|16|2022-03-01|2023-12-25|46|3|0|334
1135|109|16|2023-04-07|2023-04-16|46|3|0|356
1136|110|16|2023-10-23|2023-12-19|46|4|0|169
1137|111|16|2023-06-11|2024-03-04|46|1|0|138
1138|112|16|2024-02-28|2024-03-16|46|1|0|28
1139|113|16|2023-04-10|2023-06-17|46|3|0|165
1140|114|16|2022-05-23|2023-02-23|46|2|0|100
1141|115|16|2022-06-30|2023-06-12|46|1|0|284
1142|116|16|2023-10-23|2024-02-28|46|2|0|248
1143|117|16|2024-03-29|2024-04-07|46|4|0|70
1144|118|16|2022-02-09|2022-12-24|46|3|0|149
1145|119|16|2022-11-09|2023-02-18|46|3|0|91
1146|120|16|2022-09-04|2023-09-22|46|4|0|403
1147|121|16|2022-11-09|2023-09-27|46|3|0|122
1148|122|16|2023-12-02|2024-02-20|46|2|0|146
1149|123|16|2023-10-29|2023-11-12|46|1|0|395
1150|124|16|2023-01-11|2023-08-13|46|4|0|287
1151|200|16|2023-01-26|2024-01-28|47|2|0|486
1152|201|16|2023-06-06|2023-08-20|47|1|0|436
1153|202|16|2023-12-03|2024-03-08|47|1|0|219
1154|203|16|2023-09-18|2023-12-11|47|1|0|424
1155|204|16|2024-01-08|2024-02-26|47|1|0|97
1156|205|16|2023-07-13|2023-07-29|47|4|0|218
1157|206|16|2022-12-17|2024-02-24|47|1|0|116
1158|207|16|2022-01-09|2024-01-12|47|2|0|229
1159|208|16|2023-03-26|2024-01-22|47|4|0|212
1160|209|16|2023-11-23|2024-01-07|47|1|0|7
1161|210|16|2022-07-28|2023-08-28|47|2|0|276
1162|211|16|2022-03-31|2023-06-19|47|3|0|132
1163|212|16|2022-10-25|2023-10-11|47|3|0|345
1164|213|16|2022-08-16|2024-02-14|47|4|0|115
1165|214|16|2023-03-23|2023-08-13|47|4|0|206
1166|215|16|2022-01-06|2024-03-02|47|1|0|305
1167|216|16|2023-04-19|2024-03-26|47|1|0|403
1168|217|16|2022-08-06|2024-02-19|47|3|0|182
1169|218|16|2023-01-27|2023-11-26|47|3|0|41
1170|219|16|2022-08-19|2024-01-14|47|4|0|494
1171|220|16|2024-03-23|2024-03-28|47|1|0|477
1172|221|16|2022-08-10|2022-10-19|47|2|0|442
1173|222|16|2024-02-20|2024-03-04|47|2|0|47
1174|223|16|2022-08-21|2023-05-26|47|4|0|105
1175|224|16|2024-02-24|2024-04-06|47|3|0|417
1176|300|16|2022-10-13|2024-03-10|48|4|0|493
1177|301|16|2022-08-04|2022-12-29|48|2|0|77
1178|302|16|2023-03-29|2024-01-16|48|1|0|456
1179|303|16|2023-10-24|2023-11-29|48|3|0|256
1180|304|16|2023-10-24|2023-11-11|48|3|0|231
1181|305|16|2024-02-21|2024-03-27|48|2|0|188
1182|306|16|2023-03-24|2023-03-28|48|3|0|459
1183|307|16|2023-10-11|2024-01-06|48|1|0|208
1184|308|16|2022-12-06|2023-10-17|48|4|0|60
1185|309|16|2022-04-09|2024-03-12|48|4|0|82
1186|310|16|2023-03-23|2024-02-10|48|1|0|125
1187|311|16|2023-12-07|2024-01-17|48|4|0|235
1188|312|16|2023-09-12|2024-01-09|48|3|0|494
1189|313|16|2022-10-31|2023-03-31|48|1|0|389
1190|314|16|2022-11-04|2022-12-18|48|1|0|38
1191|315|16|2023-03-31|2024-03-07|48|3|0|468
1192|316|16|2024-03-16|2024-03-28|48|4|0|138
1193|317|16|2022-12-17|2023-03-10|48|1|0|8
1194|318|16|2022-09-30|2023-04-05|48|1|0|392
1195|319|16|2024-01-10|2024-01-18|48|4|0|308
1196|320|16|2024-02-26|2024-03-21|48|4|0|78
1197|321|16|2023-12-16|2023-12-22|48|4|0|23
1198|322|16|2023-07-24|2023-11-01|48|4|0|340
1199|323|16|2022-01-25|2023-10-13|48|4|0|472
1200|324|16|2022-08-04|2024-03-13|48|2|0|93
1201|100|17|2023-07-20|2023-10-04|49|4|0|333
1202|101|17|2023-08-26|2023-11-21|49|1|0|142
1203|102|17|2022-01-08|2023-08-26|49|4|0|498
1204|103|17|2024-01-24|2024-04-04|49|6|0|120
1205|104|17|2022-08-16|2023-03-15|49|5|0|246
1206|105|17|2022-01-09|2022-08-25|49|5|0|284
1207|106|17|2023-09-16|2024-01-16|49|6|0|255
1208|107|17|2022-05-28|2023-04-29|49|1|0|345
1209|108|17|2023-04-19|2023-12-27|49|1|0|5
1210|109|17|2022-01-15|2023-08-13|49|2|0|208
1211|110|17|2022-09-24|2024-01-03|49|3|0|368
1212|111|17|2023-10-29|2024-03-24|49|3|0|478
1213|112|17|2024-03-25|2024-03-29|49|4|0|262
1214|113|17|2023-11-22|2024-03-22|49|4|0|126
1215|114|17|2022-05-14|2023-04-10|49|1|0|392
1216|115|17|2023-12-15|2023-12-29|49|6|0|498
1217|116|17|2023-01-19|2023-07-15|49|2|0|13
1218|117|17|2022-04-03|2023-10-05|49|3|0|85
1219|118|17|2023-04-15|2024-01-18|49|5|0|342
1220|119|17|2022-05-14|2022-10-25|49|6|0|164
1221|120|17|2022-09-17|2022-11-15|49|2|0|14
1222|121|17|2023-10-27|2023-12-27|49|1|0|399
1223|122|17|2023-10-30|2024-01-27|49|5|0|168
1224|123|17|2023-12-28|2024-04-01|49|2|0|468
1225|124|17|2023-09-29|2023-12-26|49|3|0|218
1226|200|17|2023-10-11|2023-11-08|50|2|0|203
1227|201|17|2022-04-25|2023-01-26|50|2|0|480
1228|202|17|2022-08-14|2022-11-13|50|1|0|63
1229|203|17|2022-06-08|2023-12-29|50|3|0|467
1230|204|17|2023-12-07|2023-12-14|50|1|0|121
1231|205|17|2023-08-26|2024-01-07|50|4|0|61
1232|206|17|2023-01-28|2023-05-15|50|6|0|404
1233|207|17|2024-02-07|2024-03-22|50|5|0|84
1234|208|17|2022-12-28|2023-09-20|50|4|0|144
1235|209|17|2023-01-23|2023-07-06|50|4|0|94
1236|210|17|2024-03-28|2024-03-30|50|2|0|305
1237|211|17|2022-09-19|2023-01-03|50|2|0|45
1238|212|17|2022-12-04|2024-01-16|50|6|0|5
1239|213|17|2022-09-16|2023-03-28|50|1|0|379
1240|214|17|2023-03-16|2023-06-21|50|1|0|321
1241|215|17|2023-02-25|2023-12-02|50|3|0|16
1242|216|17|2022-11-11|2023-11-06|50|6|0|226
1243|217|17|2022-04-09|2024-03-12|50|6|0|52
1244|218|17|2023-07-24|2023-12-10|50|6|0|73
1245|219|17|2022-05-28|2022-06-26|50|5|0|434
1246|220|17|2022-07-17|2024-03-25|50|5|0|55
1247|221|17|2023-01-28|2023-04-17|50|1|0|497
1248|222|17|2022-10-13|2023-05-28|50|4|0|153
1249|223|17|2022-01-16|2022-09-24|50|4|0|30
1250|224|17|2024-01-27|2024-03-19|50|3|0|304
1251|300|17|2022-12-30|2023-04-28|51|3|0|8
1252|301|17|2024-03-23|2024-04-03|51|2|0|198
1253|302|17|2024-02-07|2024-04-01|51|1|0|51
1254|303|17|2022-09-19|2022-11-06|51|4|0|88
1255|304|17|2023-01-18|2023-06-09|51|4|0|349
1256|305|17|2023-04-14|2023-08-13|51|2|0|119
1257|306|17|2022-06-17|2024-04-05|51|6|0|82
1258|307|17|2022-08-01|2023-08-22|51|3|0|22
1259|308|17|2023-06-09|2023-10-03|51|4|0|293
1260|309|17|2022-01-03|2022-09-16|51|6|0|292
1261|310|17|2023-10-16|2023-11-23|51|4|0|368
1262|311|17|2022-06-10|2023-07-01|51|3|0|173
1263|312|17|2023-05-27|2023-11-28|51|6|0|437
1264|313|17|2022-04-05|2024-01-01|51|3|0|53
1265|314|17|2024-01-27|2024-02-10|51|3|0|223
1266|315|17|2022-11-10|2023-02-27|51|3|0|429
1267|316|17|2023-01-28|2023-10-02|51|1|0|353
1268|317|17|2024-01-24|2024-02-02|51|5|0|399
1269|318|17|2022-08-01|2022-08-13|51|5|0|376
1270|319|17|2023-02-26|2023-12-06|51|1|0|69
1271|320|17|2023-06-22|2024-03-14|51|2|0|110
1272|321|17|2022-11-02|2022-12-16|51|2|0|59
1273|322|17|2024-01-12|2024-01-22|51|6|0|452
1274|323|17|2022-05-02|2023-11-26|51|3|0|212
1275|324|17|2022-06-27|2023-01-04|51|5|0|441
1276|100|18|2023-11-14|2024-04-06|52|1|0|141
1277|101|18|2023-04-28|2024-01-22|52|4|0|264
1278|102|18|2022-02-25|2023-09-29|52|1|0|279
1279|103|18|2022-05-25|2022-09-29|52|6|0|454
1280|104|18|2023-06-29|2024-02-04|52|2|0|361
1281|105|18|2023-12-12|2024-03-07|52|6|0|344
1282|106|18|2023-11-29|2024-01-26|52|1|0|261
1283|107|18|2022-04-22|2024-02-02|52|2|0|306
1284|108|18|2023-03-18|2023-04-07|52|4|0|406
1285|109|18|2022-09-14|2024-03-17|52|3|0|316
1286|110|18|2022-05-15|2022-06-23|52|1|0|162
1287|111|18|2023-02-28|2024-02-18|52|4|0|68
1288|112|18|2023-10-13|2024-03-07|52|6|0|325
1289|113|18|2022-10-09|2023-02-23|52|4|0|488
1290|114|18|2023-03-15|2024-03-22|52|6|0|458
1291|115|18|2022-11-10|2023-11-15|52|4|0|317
1292|116|18|2022-02-02|2022-07-10|52|3|0|367
1293|117|18|2023-02-21|2024-01-28|52|3|0|444
1294|118|18|2024-01-31|2024-03-26|52|6|0|419
1295|119|18|2023-09-27|2024-04-01|52|5|0|304
1296|120|18|2023-12-27|2024-01-11|52|6|0|95
1297|121|18|2024-02-07|2024-03-04|52|1|0|419
1298|122|18|2023-09-14|2024-03-30|52|2|0|204
1299|123|18|2023-12-05|2023-12-06|52|5|0|336
1300|124|18|2023-02-16|2023-11-06|52|1|0|85
1301|200|18|2023-07-27|2023-09-10|53|2|0|50
1302|201|18|2023-07-25|2023-10-17|53|2|0|214
1303|202|18|2023-11-29|2024-02-21|53|3|0|254
1304|203|18|2023-04-02|2023-09-13|53|2|0|431
1305|204|18|2023-07-02|2024-02-26|53|1|0|133
1306|205|18|2023-07-02|2024-01-03|53|4|0|154
1307|206|18|2022-03-16|2023-11-27|53|5|0|428
1308|207|18|2023-08-09|2023-11-17|53|4|0|118
1309|208|18|2023-12-29|2024-01-30|53|6|0|96
1310|209|18|2022-04-26|2023-09-12|53|4|0|15
1311|210|18|2023-12-14|2024-01-29|53|3|0|188
1312|211|18|2023-01-04|2024-02-17|53|4|0|95
1313|212|18|2023-02-22|2023-09-03|53|5|0|314
1314|213|18|2023-04-17|2024-01-16|53|3|0|442
1315|214|18|2022-05-26|2022-07-10|53|4|0|279
1316|215|18|2022-03-23|2022-08-31|53|6|0|97
1317|216|18|2024-02-06|2024-02-23|53|1|0|404
1318|217|18|2022-06-21|2023-11-14|53|2|0|361
1319|218|18|2022-12-27|2024-03-06|53|2|0|374
1320|219|18|2023-04-28|2023-11-02|53|2|0|266
1321|220|18|2023-09-11|2024-01-06|53|1|0|411
1322|221|18|2023-04-19|2023-04-27|53|2|0|309
1323|222|18|2024-02-14|2024-03-25|53|5|0|13
1324|223|18|2023-10-20|2024-01-30|53|2|0|113
1325|224|18|2022-11-29|2022-12-18|53|1|0|393
1326|300|18|2023-05-28|2023-11-23|54|6|0|158
1327|301|18|2022-10-26|2023-03-22|54|5|0|351
1328|302|18|2022-08-19|2022-08-31|54|5|0|237
1329|303|18|2022-08-19|2023-07-25|54|6|0|173
1330|304|18|2023-07-08|2023-09-04|54|6|0|8
1331|305|18|2022-01-28|2022-12-17|54|2|0|414
1332|306|18|2023-10-19|2023-11-09|54|2|0|32
1333|307|18|2022-08-22|2022-12-18|54|6|0|3
1334|308|18|2023-12-09|2024-02-21|54|2|0|391
1335|309|18|2023-06-12|2024-02-21|54|2|0|74
1336|310|18|2023-01-04|2023-11-25|54|2|0|36
1337|311|18|2022-03-06|2023-07-30|54|6|0|227
1338|312|18|2023-02-02|2023-09-16|54|5|0|108
1339|313|18|2023-09-10|2023-10-30|54|3|0|407
1340|314|18|2023-09-30|2023-11-15|54|3|0|319
1341|315|18|2022-11-09|2023-07-21|54|6|0|399
1342|316|18|2022-06-21|2023-11-20|54|2|0|239
1343|317|18|2023-07-15|2023-08-31|54|3|0|211
1344|318|18|2024-03-11|2024-03-20|54|1|0|190
1345|319|18|2024-03-22|2024-03-22|54|2|0|487
1346|320|18|2024-02-28|2024-03-09|54|2|0|422
1347|321|18|2022-08-29|2023-11-25|54|1|0|109
1348|322|18|2023-06-21|2023-07-11|54|1|0|157
1349|323|18|2022-03-30|2022-10-08|54|3|0|114
1350|324|18|2023-11-23|2024-03-04|54|4|0|185
1351|100|19|2024-03-30|2024-03-30|55|2|0|26
1352|101|19|2023-05-26|2023-11-11|55|2|0|390
1353|102|19|2022-06-28|2023-05-14|55|1|0|418
1354|103|19|2023-08-09|2023-12-09|55|2|0|360
1355|104|19|2022-01-10|2022-10-16|55|2|0|90
1356|105|19|2023-08-05|2023-09-24|55|2|0|359
1357|106|19|2023-12-27|2024-01-11|55|2|0|16
1358|107|19|2022-08-29|2022-12-25|55|2|0|44
1359|108|19|2024-02-24|2024-03-14|55|1|0|147
1360|109|19|2022-09-09|2023-11-25|55|1|0|198
1361|110|19|2022-09-25|2024-01-11|55|2|0|3
1362|111|19|2022-11-30|2023-09-05|55|2|0|447
1363|112|19|2023-09-18|2023-10-04|55|1|0|43
1364|113|19|2022-06-20|2023-03-30|55|1|0|446
1365|114|19|2023-08-20|2023-11-13|55|1|0|138
1366|115|19|2022-10-18|2022-11-02|55|1|0|15
1367|116|19|2022-10-17|2023-03-15|55|2|0|459
1368|117|19|2022-08-07|2022-10-28|55|1|0|17
1369|118|19|2023-06-16|2024-01-14|55|2|0|130
1370|119|19|2023-04-01|2023-11-12|55|2|0|271
1371|120|19|2022-05-26|2022-07-10|55|2|0|181
1372|121|19|2023-05-13|2023-12-20|55|1|0|408
1373|122|19|2022-04-19|2023-03-29|55|1|0|28
1374|123|19|2024-03-10|2024-03-24|55|1|0|87
1375|124|19|2023-03-07|2024-02-22|55|1|0|189
1376|200|19|2022-04-19|2023-08-06|56|2|0|449
1377|201|19|2022-01-17|2023-01-22|56|1|0|423
1378|202|19|2023-10-22|2024-03-17|56|1|0|208
1379|203|19|2023-03-29|2023-09-22|56|2|0|468
1380|204|19|2023-05-05|2024-01-17|56|2|0|231
1381|205|19|2023-03-19|2024-03-19|56|2|0|159
1382|206|19|2023-11-09|2024-01-05|56|1|0|394
1383|207|19|2022-05-06|2023-05-15|56|2|0|36
1384|208|19|2022-06-05|2023-01-21|56|2|0|87
1385|209|19|2022-03-24|2022-04-15|56|2|0|50
1386|210|19|2023-09-24|2024-02-16|56|2|0|273
1387|211|19|2024-03-06|2024-04-07|56|1|0|31
1388|212|19|2024-03-27|2024-04-01|56|2|0|42
1389|213|19|2023-10-01|2024-03-27|56|1|0|304
1390|214|19|2022-10-16|2023-06-04|56|2|0|55
1391|215|19|2023-05-13|2023-09-15|56|2|0|199
1392|216|19|2022-09-13|2022-11-26|56|1|0|42
1393|217|19|2022-03-16|2023-06-26|56|2|0|95
1394|218|19|2022-07-18|2023-07-26|56|1|0|43
1395|219|19|2023-02-26|2023-12-06|56|2|0|193
1396|220|19|2023-05-24|2023-06-21|56|1|0|264
1397|221|19|2022-03-27|2022-10-09|56|1|0|214
1398|222|19|2022-10-03|2024-03-26|56|2|0|403
1399|223|19|2022-04-15|2022-07-08|56|1|0|197
1400|224|19|2024-03-14|2024-04-04|56|2|0|478
1401|300|19|2023-09-05|2024-03-07|57|1|0|263
1402|301|19|2022-09-25|2024-01-13|57|1|0|182
1403|302|19|2022-01-25|2024-02-01|57|1|0|224
1404|303|19|2022-09-11|2023-01-20|57|1|0|35
1405|304|19|2024-03-12|2024-04-06|57|2|0|86
1406|305|19|2022-05-22|2022-08-09|57|2|0|443
1407|306|19|2023-12-01|2024-02-07|57|2|0|20
1408|307|19|2023-05-13|2023-12-15|57|2|0|209
1409|308|19|2022-12-15|2024-01-18|57|1|0|144
1410|309|19|2022-04-27|2022-09-14|57|2|0|239
1411|310|19|2022-10-28|2023-07-01|57|2|0|252
1412|311|19|2023-10-13|2024-02-04|57|1|0|413
1413|312|19|2023-11-03|2024-03-22|57|1|0|313
1414|313|19|2023-11-23|2024-01-19|57|2|0|268
1415|314|19|2023-03-11|2023-12-25|57|2|0|495
1416|315|19|2022-11-13|2023-09-13|57|2|0|423
1417|316|19|2024-02-09|2024-04-06|57|1|0|464
1418|317|19|2022-09-29|2023-02-01|57|1|0|107
1419|318|19|2023-11-26|2023-11-28|57|1|0|327
1420|319|19|2024-01-03|2024-02-18|57|2|0|282
1421|320|19|2023-11-14|2024-01-28|57|2|0|14
1422|321|19|2023-02-27|2023-09-13|57|1|0|17
1423|322|19|2023-01-02|2023-06-22|57|1|0|382
1424|323|19|2023-07-18|2024-03-24|57|2|0|490
1425|324|19|2024-01-10|2024-01-30|57|2|0|268
1426|100|20|2022-01-05|2022-03-03|58|1|0|84
1427|101|20|2022-05-21|2022-12-21|58|3|0|342
1428|102|20|2022-12-11|2023-11-25|58|4|0|20
1429|103|20|2023-02-10|2024-02-15|58|4|0|83
1430|104|20|2023-02-20|2024-03-29|58|3|0|205
1431|105|20|2022-02-20|2022-10-14|58|1|0|94
1432|106|20|2022-11-05|2023-06-17|58|2|0|426
1433|107|20|2023-12-24|2023-12-30|58|2|0|415
1434|108|20|2022-02-25|2023-05-25|58|1|0|460
1435|109|20|2023-05-06|2023-10-31|58|2|0|31
1436|110|20|2022-01-16|2023-10-18|58|2|0|359
1437|111|20|2022-12-06|2024-01-31|58|3|0|316
1438|112|20|2023-05-22|2023-06-11|58|2|0|94
1439|113|20|2024-02-21|2024-03-11|58|3|0|94
1440|114|20|2023-12-19|2024-02-19|58|1|0|388
1441|115|20|2022-11-25|2023-10-07|58|3|0|237
1442|116|20|2022-12-05|2023-06-28|58|4|0|353
1443|117|20|2022-10-31|2023-06-22|58|4|0|51
1444|118|20|2022-05-06|2022-08-24|58|3|0|66
1445|119|20|2023-08-31|2023-11-04|58|2|0|381
1446|120|20|2023-02-17|2023-09-30|58|3|0|238
1447|121|20|2023-11-16|2024-02-06|58|2|0|299
1448|122|20|2023-08-20|2023-10-26|58|4|0|433
1449|123|20|2022-02-26|2022-10-03|58|3|0|429
1450|124|20|2023-09-29|2023-11-25|58|4|0|150
1451|200|20|2022-05-23|2022-12-27|59|2|0|325
1452|201|20|2024-02-18|2024-03-10|59|3|0|172
1453|202|20|2024-01-13|2024-02-29|59|2|0|314
1454|203|20|2022-12-08|2024-03-31|59|1|0|203
1455|204|20|2023-04-21|2023-11-15|59|1|0|182
1456|205|20|2023-04-21|2023-08-26|59|2|0|197
1457|206|20|2023-03-18|2023-03-28|59|1|0|106
1458|207|20|2023-04-13|2024-02-12|59|3|0|426
1459|208|20|2023-06-15|2023-12-25|59|3|0|135
1460|209|20|2023-01-28|2023-04-29|59|1|0|341
1461|210|20|2023-03-22|2023-10-07|59|3|0|154
1462|211|20|2022-10-25|2023-01-16|59|1|0|480
1463|212|20|2022-06-16|2024-03-08|59|4|0|445
1464|213|20|2022-09-02|2023-12-08|59|3|0|444
1465|214|20|2023-08-25|2023-09-20|59|3|0|104
1466|215|20|2022-12-18|2024-02-16|59|2|0|447
1467|216|20|2023-05-07|2023-06-06|59|3|0|388
1468|217|20|2022-01-22|2023-06-30|59|3|0|337
1469|218|20|2023-02-10|2023-12-20|59|4|0|499
1470|219|20|2023-08-12|2024-03-11|59|3|0|269
1471|220|20|2023-06-17|2024-02-03|59|1|0|468
1472|221|20|2022-12-13|2023-09-23|59|4|0|482
1473|222|20|2023-01-13|2023-08-04|59|3|0|253
1474|223|20|2022-06-22|2022-09-17|59|4|0|53
1475|224|20|2022-01-15|2022-03-02|59|2|0|278
1476|300|20|2023-04-15|2023-05-30|60|3|0|322
1477|301|20|2022-11-07|2023-12-26|60|2|0|154
1478|302|20|2023-02-11|2024-02-05|60|3|0|295
1479|303|20|2022-08-04|2023-03-15|60|1|0|275
1480|304|20|2022-06-30|2022-11-04|60|2|0|57
1481|305|20|2023-11-19|2024-01-24|60|2|0|147
1482|306|20|2023-01-12|2023-11-18|60|2|0|414
1483|307|20|2023-03-11|2024-03-02|60|3|0|446
1484|308|20|2023-07-23|2023-12-02|60|1|0|258
1485|309|20|2023-11-23|2024-03-22|60|3|0|119
1486|310|20|2022-08-07|2023-05-31|60|1|0|483
1487|311|20|2022-03-28|2022-06-01|60|4|0|445
1488|312|20|2023-08-13|2024-03-07|60|2|0|180
1489|313|20|2022-12-22|2023-12-22|60|1|0|54
1490|314|20|2024-01-01|2024-01-15|60|4|0|197
1491|315|20|2022-03-24|2022-03-26|60|1|0|137
1492|316|20|2023-10-01|2023-10-21|60|4|0|435
1493|317|20|2022-02-15|2023-06-13|60|4|0|435
1494|318|20|2022-06-03|2023-01-10|60|4|0|179
1495|319|20|2023-05-13|2023-08-02|60|1|0|289
1496|320|20|2022-11-28|2023-09-09|60|4|0|161
1497|321|20|2022-07-26|2024-02-01|60|2|0|349
1498|322|20|2023-12-31|2024-02-29|60|2|0|201
1499|323|20|2023-11-17|2024-02-29|60|2|0|145
1500|324|20|2022-12-22|2023-11-19|60|3|0|46
